   0.974167E-06  -0.278012E-05   0.555441E-06  -0.327581E-05  -0.234733E-07
  -0.410657E-05  -0.109146E-05  -0.526270E-05  -0.874644E-06  -0.408532E-05
  -0.359355E-05  -0.124335E-04  -0.650025E-05  -0.489377E-05  -0.398247E-05
  -0.143132E-04  -0.135562E-04  -0.168294E-04  -0.130130E-04  -0.184706E-04
  -0.171005E-04  -0.235644E-04  -0.296928E-04  -0.430862E-04  -0.300955E-04
  -0.117936E-05   0.233176E-04   0.287268E-05  -0.647671E-05  -0.291817E-04
  -0.581583E-04  -0.627223E-04  -0.376595E-04  -0.356176E-04  -0.384189E-04
  -0.122600E-04   0.854035E-05  -0.343511E-04  -0.726967E-04  -0.983698E-04
  -0.847546E-04  -0.592430E-04  -0.240623E-04  -0.782912E-05   0.176705E-04
   0.376445E-04   0.485398E-04   0.355915E-04   0.626730E-05  -0.364660E-04
  -0.349334E-04   0.927882E-05   0.693379E-04   0.105370E-03   0.135597E-03
   0.135041E-03   0.171074E-03   0.181485E-03   0.141349E-03   0.583100E-04
  -0.363936E-04  -0.102635E-03  -0.126256E-03  -0.210994E-03  -0.273091E-03
  -0.228119E-03  -0.161583E-03  -0.179187E-03  -0.293665E-03  -0.484050E-03
  -0.535366E-03  -0.425159E-03  -0.234760E-03  -0.174440E-03  -0.348158E-03
  -0.617223E-03  -0.784717E-03  -0.739458E-03  -0.473252E-03  -0.358757E-03
  -0.560647E-03  -0.903923E-03  -0.990838E-03  -0.794247E-03  -0.486048E-03
  -0.191085E-03   0.141452E-03   0.462706E-03   0.733132E-03   0.973549E-03
   0.885100E-03   0.498092E-03   0.191109E-03   0.513493E-04   0.583958E-04
  -0.486601E-04  -0.206882E-03  -0.404531E-03  -0.475891E-03  -0.424202E-03
  -0.311280E-03  -0.173260E-04   0.457177E-03   0.660497E-03   0.700891E-03
   0.691531E-03   0.686593E-03   0.818583E-03   0.120080E-02   0.109413E-02
   0.286220E-03  -0.539502E-03  -0.921865E-03  -0.128124E-02  -0.165054E-02
  -0.148901E-02  -0.119358E-02  -0.118265E-02  -0.101016E-02  -0.273475E-03
   0.705634E-03   0.118569E-02   0.752763E-03  -0.252470E-04  -0.500836E-03
  -0.101965E-02  -0.144584E-02  -0.112670E-02  -0.740962E-04   0.688957E-03
   0.844219E-03   0.346084E-03  -0.305185E-04   0.904688E-04   0.248199E-04
  -0.782569E-03  -0.197510E-02  -0.271433E-02  -0.263716E-02  -0.194506E-02
  -0.630914E-03   0.951554E-03   0.145562E-02   0.329211E-04  -0.183832E-02
  -0.218693E-02  -0.781428E-03   0.607510E-03   0.217982E-04  -0.189996E-02
  -0.272944E-02  -0.111345E-02   0.193949E-02   0.420070E-02   0.391350E-02
   0.151665E-02  -0.494087E-03   0.813503E-04   0.257095E-02   0.408535E-02
   0.304272E-02   0.972697E-03  -0.707799E-04  -0.201602E-03  -0.997118E-03
  -0.308022E-02  -0.522204E-02  -0.649729E-02  -0.661486E-02  -0.486891E-02
  -0.136833E-02   0.186765E-02   0.368924E-02   0.454907E-02   0.363911E-02
   0.854437E-03  -0.207198E-02  -0.317695E-02  -0.140378E-02   0.176409E-02
   0.415131E-02   0.398971E-02   0.147582E-02  -0.961538E-03  -0.322943E-03
   0.369463E-02   0.749798E-02   0.743254E-02   0.372113E-02   0.121694E-03
  -0.712763E-03  -0.127609E-03  -0.138695E-02  -0.478008E-02  -0.742675E-02
  -0.742668E-02  -0.389580E-02   0.178011E-02   0.627007E-02   0.707004E-02
   0.434682E-02   0.158412E-02   0.134425E-02   0.255949E-02   0.302903E-02
   0.141728E-02  -0.208087E-02  -0.609866E-02  -0.888839E-02  -0.102488E-01
  -0.958526E-02  -0.697211E-02  -0.350628E-02   0.311926E-03   0.436973E-02
   0.737723E-02   0.866474E-02   0.717714E-02   0.479865E-02   0.328848E-02
   0.286519E-02   0.315087E-02   0.265954E-02   0.257529E-02   0.289529E-02
   0.275863E-02   0.170761E-02   0.287923E-03   0.117567E-03   0.221862E-02
   0.507662E-02   0.631776E-02   0.620914E-02   0.398980E-02  -0.126404E-02
  -0.650941E-02  -0.750125E-02  -0.432091E-02   0.463940E-03   0.345777E-02
   0.362292E-02   0.203070E-02   0.107265E-02   0.147362E-02   0.885206E-03
  -0.155655E-02  -0.436585E-02  -0.653337E-02  -0.766436E-02  -0.873118E-02
  -0.867966E-02  -0.639885E-02  -0.248282E-02   0.897481E-03   0.174007E-02
   0.802570E-03   0.272091E-03   0.120900E-02   0.242816E-02   0.149975E-02
  -0.252690E-02  -0.749031E-02  -0.109709E-01  -0.128669E-01  -0.147520E-01
  -0.171459E-01  -0.165629E-01  -0.100613E-01  -0.181112E-02   0.411742E-02
   0.870444E-02   0.109019E-01   0.103487E-01   0.940196E-02   0.886744E-02
   0.805662E-02   0.847741E-02   0.108647E-01   0.128469E-01   0.120360E-01
   0.904658E-02   0.533460E-02   0.127619E-02  -0.304186E-02  -0.594800E-02
  -0.455462E-02   0.595331E-03   0.597438E-02   0.836495E-02   0.572073E-02
   0.139929E-03  -0.483324E-02  -0.674942E-02  -0.639624E-02  -0.336278E-02
   0.150443E-02   0.468342E-02   0.604229E-02   0.757867E-02   0.713152E-02
   0.426520E-02   0.488429E-03  -0.742902E-03  -0.219616E-02  -0.609861E-02
  -0.107411E-01  -0.153742E-01  -0.191057E-01  -0.226911E-01  -0.249887E-01
  -0.222397E-01  -0.132820E-01  -0.644601E-03   0.941993E-02   0.130279E-01
   0.947031E-02   0.617688E-02   0.823956E-02   0.133863E-01   0.150564E-01
   0.102200E-01   0.152110E-02  -0.492606E-02  -0.708025E-02  -0.626451E-02
  -0.284600E-02   0.560096E-03   0.182689E-02   0.255090E-02   0.410276E-02
   0.712984E-02   0.967616E-02   0.753831E-02   0.201289E-02  -0.268320E-02
  -0.329848E-02  -0.963097E-03   0.319386E-04  -0.235057E-02  -0.509551E-02
  -0.521244E-02  -0.277910E-02   0.189622E-04   0.134950E-02   0.110214E-02
  -0.123748E-02  -0.527927E-02  -0.855417E-02  -0.845993E-02  -0.517963E-02
  -0.157331E-02  -0.384628E-03  -0.749249E-03   0.740080E-03   0.560566E-02
   0.118673E-01   0.156570E-01   0.146503E-01   0.917773E-02   0.307974E-02
  -0.724242E-04  -0.319908E-03   0.198274E-03  -0.123117E-02  -0.509662E-02
  -0.957502E-02  -0.111574E-01  -0.782523E-02  -0.148588E-02   0.529748E-02
   0.971359E-02   0.115745E-01   0.131971E-01   0.135149E-01   0.119391E-01
   0.999230E-02   0.870688E-02   0.790866E-02   0.795845E-02   0.920496E-02
   0.112821E-01   0.123296E-01   0.111463E-01   0.781680E-02   0.460464E-02
   0.292408E-02   0.133614E-03  -0.716158E-02  -0.144284E-01  -0.177692E-01
  -0.149402E-01  -0.960160E-02  -0.652040E-02  -0.533641E-02  -0.367011E-02
  -0.840747E-04   0.266607E-02   0.247331E-02  -0.431677E-03  -0.373311E-02
  -0.516268E-02  -0.708946E-02  -0.970741E-02  -0.100219E-01  -0.523367E-02
   0.932006E-03   0.401898E-02  -0.229979E-02  -0.137249E-01  -0.208011E-01
  -0.191542E-01  -0.106555E-01  -0.211204E-02   0.178278E-02   0.138104E-02
   0.101571E-03   0.131839E-03   0.531315E-03  -0.287853E-03  -0.305018E-02
  -0.415416E-02  -0.336810E-03   0.815821E-02   0.165721E-01   0.209821E-01
   0.220796E-01   0.226411E-01   0.224073E-01   0.192421E-01   0.143028E-01
   0.912775E-02   0.559862E-02   0.359424E-02   0.224424E-02   0.172158E-02
   0.323301E-02   0.672026E-02   0.990626E-02   0.116349E-01   0.116907E-01
   0.124169E-01   0.165855E-01   0.225084E-01   0.268926E-01   0.290069E-01
   0.290718E-01   0.272877E-01   0.260243E-01   0.268764E-01   0.294935E-01
   0.326137E-01   0.341054E-01   0.334393E-01   0.313960E-01   0.282444E-01
   0.247653E-01   0.232326E-01   0.246605E-01   0.264779E-01   0.259276E-01
   0.227383E-01   0.207397E-01   0.232054E-01   0.294032E-01   0.353563E-01
   0.368124E-01   0.337584E-01   0.309544E-01   0.329285E-01   0.379891E-01
   0.426389E-01   0.453463E-01   0.462152E-01   0.473279E-01   0.504230E-01
   0.546734E-01   0.573293E-01   0.549744E-01   0.471049E-01   0.367621E-01
   0.281455E-01   0.226506E-01   0.167755E-01   0.270343E-02  -0.219142E-01
  -0.506298E-01  -0.746165E-01  -0.873899E-01  -0.922551E-01  -0.969013E-01
  -0.105146E+00  -0.118962E+00  -0.133924E+00  -0.143201E+00  -0.144845E+00
  -0.139711E+00  -0.130640E+00  -0.119692E+00  -0.105248E+00  -0.879369E-01
  -0.707575E-01  -0.547521E-01  -0.389458E-01  -0.207139E-01  -0.307829E-02
   0.103916E-01   0.213029E-01   0.288283E-01   0.323178E-01   0.296575E-01
   0.205837E-01   0.102878E-01   0.379100E-02   0.433950E-03  -0.244750E-02
  -0.329360E-02  -0.158258E-02  -0.131802E-02  -0.450964E-02  -0.789479E-02
  -0.700216E-02  -0.358594E-02  -0.420020E-02  -0.111536E-01  -0.192849E-01
  -0.277078E-01  -0.358359E-01  -0.415033E-01  -0.474611E-01  -0.548265E-01
  -0.653591E-01  -0.767885E-01  -0.863302E-01  -0.959405E-01  -0.102096E+00
  -0.101102E+00  -0.915540E-01  -0.788677E-01  -0.697990E-01  -0.664813E-01
  -0.661100E-01  -0.635921E-01  -0.587285E-01  -0.573709E-01  -0.579093E-01
  -0.540571E-01  -0.442882E-01  -0.334537E-01  -0.248328E-01  -0.177588E-01
  -0.890118E-02  -0.391120E-03   0.227214E-02  -0.191158E-02  -0.863883E-02
  -0.108209E-01  -0.632006E-02   0.137518E-02   0.863846E-02   0.155407E-01
   0.261968E-01   0.377908E-01   0.441843E-01   0.451994E-01   0.440434E-01
   0.446661E-01   0.475135E-01   0.469511E-01   0.394253E-01   0.296364E-01
   0.237514E-01   0.234143E-01   0.263407E-01   0.294280E-01   0.328876E-01
   0.390959E-01   0.465586E-01   0.518745E-01   0.541959E-01   0.517636E-01
   0.438193E-01   0.333765E-01   0.218018E-01   0.115650E-01   0.770126E-02
   0.121385E-01   0.247956E-01   0.429577E-01   0.590491E-01   0.649405E-01
   0.601960E-01   0.495399E-01   0.378997E-01   0.280534E-01   0.215481E-01
   0.178123E-01   0.163153E-01   0.148811E-01   0.964666E-02   0.462843E-03
  -0.989477E-02  -0.145627E-01  -0.832902E-02   0.493702E-02   0.183616E-01
   0.331830E-01   0.487121E-01   0.644843E-01   0.803412E-01   0.920255E-01
   0.102265E+00   0.112756E+00   0.122220E+00   0.127418E+00   0.125490E+00
   0.114350E+00   0.927851E-01   0.591729E-01   0.201926E-01  -0.130210E-01
  -0.284413E-01  -0.298200E-01  -0.283867E-01  -0.294683E-01  -0.316321E-01
  -0.343447E-01  -0.360573E-01  -0.262291E-01  -0.180383E-02   0.247887E-01
   0.447525E-01   0.594377E-01   0.754040E-01   0.879509E-01   0.914533E-01
   0.841911E-01   0.745111E-01   0.687822E-01   0.666712E-01   0.611784E-01
   0.446009E-01   0.141330E-01  -0.231350E-01  -0.547628E-01  -0.771798E-01
  -0.937603E-01  -0.109240E+00  -0.126688E+00  -0.142424E+00  -0.155210E+00
  -0.165092E+00  -0.170903E+00  -0.174171E+00  -0.173771E+00  -0.165929E+00
  -0.152663E+00  -0.141756E+00  -0.136149E+00  -0.131493E+00  -0.121584E+00
  -0.103761E+00  -0.821162E-01  -0.603462E-01  -0.380686E-01  -0.154367E-01
   0.809377E-02   0.289101E-01   0.451001E-01   0.571135E-01   0.675953E-01
   0.802512E-01   0.942723E-01   0.108089E+00   0.117940E+00   0.116323E+00
   0.101843E+00   0.790754E-01   0.530886E-01   0.298616E-01   0.119803E-01
  -0.305617E-02  -0.162581E-01  -0.284637E-01  -0.396350E-01  -0.481605E-01
  -0.562014E-01  -0.608733E-01  -0.594843E-01  -0.528310E-01  -0.429109E-01
  -0.288564E-01  -0.134016E-01  -0.296469E-02   0.710863E-03  -0.714269E-03
  -0.577449E-02  -0.108390E-01  -0.132957E-01  -0.139476E-01  -0.151368E-01
  -0.196184E-01  -0.272692E-01  -0.375637E-01  -0.460367E-01  -0.499071E-01
  -0.499875E-01  -0.468777E-01  -0.440673E-01  -0.471015E-01  -0.556583E-01
  -0.634971E-01  -0.592131E-01  -0.445521E-01  -0.278256E-01  -0.848001E-02
   0.119164E-01   0.300705E-01   0.482700E-01   0.638459E-01   0.785679E-01
   0.969245E-01   0.119746E+00   0.137831E+00   0.143425E+00   0.139551E+00
   0.135230E+00   0.136677E+00   0.139178E+00   0.135361E+00   0.125457E+00
   0.115829E+00   0.113200E+00   0.115967E+00   0.116421E+00   0.107939E+00
   0.900130E-01   0.675319E-01   0.505594E-01   0.432392E-01   0.446251E-01
   0.503712E-01   0.587363E-01   0.664710E-01   0.685457E-01   0.646387E-01
   0.579352E-01   0.521316E-01   0.491429E-01   0.505093E-01   0.547383E-01
   0.571050E-01   0.545224E-01   0.486768E-01   0.438738E-01   0.428940E-01
   0.464235E-01   0.531187E-01   0.585525E-01   0.597542E-01   0.574418E-01
   0.541427E-01   0.518769E-01   0.495410E-01   0.432772E-01   0.303237E-01
   0.108272E-01  -0.110813E-01  -0.255546E-01  -0.278960E-01  -0.221827E-01
  -0.140023E-01  -0.669354E-02  -0.573986E-02  -0.157837E-01  -0.325158E-01
  -0.457217E-01  -0.507162E-01  -0.475209E-01  -0.400613E-01  -0.344863E-01
  -0.326478E-01  -0.342076E-01  -0.392167E-01  -0.440580E-01  -0.434325E-01
  -0.355823E-01  -0.233752E-01  -0.113313E-01   0.205351E-03   0.824696E-02
   0.106242E-01   0.680773E-02   0.367600E-03  -0.508902E-02  -0.982719E-02
  -0.157905E-01  -0.239764E-01  -0.338685E-01  -0.466594E-01  -0.593737E-01
  -0.696473E-01  -0.784212E-01  -0.833972E-01  -0.874930E-01  -0.935208E-01
  -0.985522E-01  -0.103034E+00  -0.106176E+00  -0.105468E+00  -0.103715E+00
  -0.103879E+00  -0.106615E+00  -0.109148E+00  -0.108612E+00  -0.104112E+00
  -0.983369E-01  -0.933297E-01  -0.888550E-01  -0.823125E-01  -0.744487E-01
  -0.680064E-01  -0.634572E-01  -0.601082E-01  -0.532625E-01  -0.423357E-01
  -0.287162E-01  -0.161083E-01  -0.830760E-02  -0.428586E-02  -0.152537E-02
   0.810433E-03   0.369940E-02   0.779506E-02   0.122645E-01   0.159008E-01
   0.172227E-01   0.147478E-01   0.933438E-02   0.418189E-02   0.211555E-02
   0.228509E-02   0.295404E-02   0.151889E-02  -0.225518E-02  -0.501619E-02
  -0.319304E-02   0.282902E-02   0.978842E-02   0.137074E-01   0.109297E-01
   0.281645E-03  -0.123925E-01  -0.218857E-01  -0.267256E-01  -0.279233E-01
  -0.276993E-01  -0.265059E-01  -0.241788E-01  -0.215026E-01  -0.172297E-01
  -0.982350E-02  -0.588215E-03   0.942476E-02   0.206658E-01   0.314834E-01
   0.404529E-01   0.461602E-01   0.482554E-01   0.475974E-01   0.462250E-01
   0.454559E-01   0.453351E-01   0.465971E-01   0.517652E-01   0.612452E-01
   0.746516E-01   0.878781E-01   0.952229E-01   0.936026E-01   0.843928E-01
   0.729822E-01   0.666863E-01   0.661020E-01   0.686904E-01   0.702475E-01
   0.696124E-01   0.675208E-01   0.652986E-01   0.637571E-01   0.633312E-01
   0.599391E-01   0.481753E-01   0.215864E-01  -0.143420E-01  -0.385190E-01
  -0.438602E-01  -0.411151E-01  -0.420889E-01  -0.530625E-01  -0.661340E-01
  -0.750647E-01  -0.786286E-01  -0.773647E-01  -0.716291E-01  -0.638940E-01
  -0.567673E-01  -0.518202E-01  -0.480714E-01  -0.421972E-01  -0.321887E-01
  -0.206900E-01  -0.120449E-01  -0.755432E-02  -0.721624E-02  -0.963779E-02
  -0.138880E-01  -0.191743E-01  -0.231249E-01  -0.224267E-01  -0.183636E-01
  -0.154894E-01  -0.166019E-01  -0.209847E-01  -0.273343E-01  -0.378874E-01
  -0.523435E-01  -0.652324E-01  -0.723800E-01  -0.713546E-01  -0.638154E-01
  -0.549925E-01  -0.503831E-01  -0.510691E-01  -0.527719E-01  -0.507622E-01
  -0.458358E-01  -0.409488E-01  -0.386650E-01  -0.383129E-01  -0.370258E-01
  -0.353484E-01  -0.330225E-01  -0.263869E-01  -0.167733E-01  -0.506030E-02
   0.584832E-02   0.120183E-01   0.152943E-01   0.185161E-01   0.196376E-01
   0.165555E-01   0.117464E-01   0.860373E-02   0.797632E-02   0.877294E-02
   0.117299E-01   0.191518E-01   0.318149E-01   0.455494E-01   0.560413E-01
   0.620101E-01   0.639307E-01   0.614113E-01   0.556509E-01   0.471182E-01
   0.360165E-01   0.217767E-01   0.402852E-02  -0.134134E-01  -0.283995E-01
  -0.385271E-01  -0.422910E-01  -0.408313E-01  -0.367353E-01  -0.324907E-01
  -0.277999E-01  -0.196419E-01  -0.571107E-02   0.109248E-01   0.247377E-01
   0.307974E-01   0.288996E-01   0.249895E-01   0.229708E-01   0.207674E-01
   0.155188E-01   0.753123E-02  -0.748628E-03  -0.578856E-02  -0.775603E-02
  -0.106479E-01  -0.157570E-01  -0.200393E-01  -0.206286E-01  -0.185508E-01
  -0.152930E-01  -0.122398E-01  -0.106767E-01  -0.106188E-01  -0.913332E-02
  -0.313895E-02   0.683011E-02   0.156595E-01   0.188746E-01   0.163856E-01
   0.863407E-02  -0.198200E-02  -0.111760E-01  -0.169188E-01  -0.208719E-01
  -0.238123E-01  -0.232643E-01  -0.167130E-01  -0.207016E-02   0.209806E-01
   0.462814E-01   0.656118E-01   0.773093E-01   0.850620E-01   0.920526E-01
   0.974961E-01   0.101982E+00   0.107005E+00   0.112317E+00   0.116257E+00
   0.117035E+00   0.113780E+00   0.105349E+00   0.941812E-01   0.837441E-01
   0.739994E-01   0.644143E-01   0.545318E-01   0.442116E-01   0.355912E-01
   0.298036E-01   0.260301E-01   0.236919E-01   0.229599E-01   0.231794E-01
   0.247271E-01   0.260861E-01   0.264244E-01   0.240885E-01   0.193529E-01
   0.128902E-01   0.696972E-02   0.397996E-02   0.570422E-02   0.937393E-02
   0.105596E-01   0.101445E-01   0.101466E-01   0.123464E-01   0.167927E-01
   0.208144E-01   0.227799E-01   0.203643E-01   0.127397E-01   0.243167E-02
  -0.655133E-02  -0.110355E-01  -0.109932E-01  -0.914521E-02  -0.797150E-02
  -0.116782E-01  -0.210151E-01  -0.336888E-01  -0.463632E-01  -0.537419E-01
  -0.562014E-01  -0.585705E-01  -0.625379E-01  -0.671980E-01  -0.708870E-01
  -0.729349E-01  -0.734997E-01  -0.702247E-01  -0.656746E-01  -0.668800E-01
  -0.764641E-01  -0.871078E-01  -0.902456E-01  -0.854249E-01  -0.805137E-01
  -0.794073E-01  -0.787007E-01  -0.752776E-01  -0.713595E-01  -0.707069E-01
  -0.738602E-01  -0.791065E-01  -0.879379E-01  -0.990795E-01  -0.108022E+00
  -0.112735E+00  -0.112592E+00  -0.110361E+00  -0.108244E+00  -0.104635E+00
  -0.961568E-01  -0.856292E-01  -0.743855E-01  -0.626242E-01  -0.502959E-01
  -0.362086E-01  -0.249311E-01  -0.189679E-01  -0.153195E-01  -0.113780E-01
  -0.498741E-02   0.183896E-02   0.672644E-02   0.102465E-01   0.123758E-01
   0.129075E-01   0.123352E-01   0.130441E-01   0.171156E-01   0.246187E-01
   0.316049E-01   0.351653E-01   0.371690E-01   0.411107E-01   0.503551E-01
   0.614336E-01   0.696072E-01   0.723806E-01   0.687134E-01   0.606745E-01
   0.524168E-01   0.460987E-01   0.419960E-01   0.398627E-01   0.377587E-01
   0.380546E-01   0.429611E-01   0.496055E-01   0.549173E-01   0.576061E-01
   0.587847E-01   0.575581E-01   0.523185E-01   0.458566E-01   0.404189E-01
   0.369576E-01   0.357980E-01   0.332669E-01   0.270344E-01   0.183759E-01
   0.116247E-01   0.794345E-02   0.712069E-02   0.942542E-02   0.135750E-01
   0.170565E-01   0.174193E-01   0.147467E-01   0.124208E-01   0.143015E-01
   0.189354E-01   0.225607E-01   0.207569E-01   0.110369E-01  -0.560482E-02
  -0.215603E-01  -0.272528E-01  -0.226372E-01  -0.155817E-01  -0.117071E-01
  -0.116992E-01  -0.131656E-01  -0.142615E-01  -0.139993E-01  -0.102320E-01
  -0.292416E-02   0.541507E-02   0.128514E-01   0.184527E-01   0.237479E-01
   0.306059E-01   0.372177E-01   0.410536E-01   0.411672E-01   0.375579E-01
   0.315680E-01   0.249686E-01   0.184191E-01   0.108760E-01   0.182399E-02
  -0.695051E-02  -0.146378E-01  -0.219056E-01  -0.268889E-01  -0.270408E-01
  -0.235492E-01  -0.186857E-01  -0.143118E-01  -0.107117E-01  -0.743206E-02
  -0.434194E-02  -0.387028E-05   0.798514E-02   0.194602E-01   0.314274E-01
   0.406524E-01   0.451164E-01   0.444714E-01   0.407263E-01   0.379123E-01
   0.381224E-01   0.398946E-01   0.398981E-01   0.381100E-01   0.371116E-01
   0.376872E-01   0.389926E-01   0.388002E-01   0.374903E-01   0.353531E-01
   0.331993E-01   0.307769E-01   0.287093E-01   0.262351E-01   0.230253E-01
   0.183938E-01   0.122484E-01   0.616543E-02   0.133056E-02  -0.111047E-02
  -0.162594E-02  -0.740488E-03  -0.641181E-03  -0.457656E-02  -0.121715E-01
  -0.203111E-01  -0.245499E-01  -0.256924E-01  -0.259167E-01  -0.264248E-01
  -0.267970E-01  -0.262533E-01  -0.236689E-01  -0.197468E-01  -0.165984E-01
  -0.159722E-01  -0.165859E-01  -0.150402E-01  -0.128081E-01  -0.127702E-01
  -0.144554E-01  -0.150361E-01  -0.125755E-01  -0.784646E-02  -0.396137E-02
  -0.204645E-02  -0.199254E-02  -0.250263E-02  -0.157729E-02   0.126296E-02
   0.438696E-02   0.504205E-02   0.129938E-02  -0.488497E-02  -0.103671E-01
  -0.137465E-01  -0.143755E-01  -0.126775E-01  -0.101242E-01  -0.813808E-02
  -0.605139E-02  -0.319818E-02  -0.140072E-02  -0.955458E-03  -0.840067E-04
   0.270894E-02   0.700958E-02   0.110290E-01   0.129966E-01   0.133308E-01
   0.125539E-01   0.902222E-02   0.336440E-02  -0.139259E-02  -0.180562E-02
   0.252716E-02   0.863162E-02   0.125943E-01   0.139547E-01   0.136774E-01
   0.114767E-01   0.785111E-02   0.340813E-02  -0.129475E-02  -0.521248E-02
  -0.714886E-02  -0.642129E-02  -0.399659E-02  -0.298494E-02  -0.353268E-02
  -0.529312E-02  -0.805114E-02  -0.103222E-01  -0.104863E-01  -0.756467E-02
  -0.357970E-02  -0.214445E-03   0.140844E-02   0.884878E-03  -0.255208E-04
  -0.138444E-03  -0.148634E-02  -0.464253E-02  -0.103571E-01  -0.153894E-01
  -0.152031E-01  -0.100136E-01  -0.515773E-02  -0.250000E-02  -0.106421E-02
  -0.121740E-02  -0.186789E-02  -0.329001E-02  -0.490227E-02  -0.603193E-02
  -0.769784E-02  -0.109864E-01  -0.151441E-01  -0.187471E-01  -0.201641E-01
  -0.193258E-01  -0.173442E-01  -0.148608E-01  -0.129665E-01  -0.126786E-01
  -0.142549E-01  -0.165762E-01  -0.174513E-01  -0.168344E-01  -0.149523E-01
  -0.108144E-01  -0.546400E-02   0.495901E-03   0.695261E-02   0.108634E-01
   0.111706E-01   0.975312E-02   0.833583E-02   0.838838E-02   0.956933E-02
   0.988128E-02   0.782571E-02   0.252342E-02  -0.429197E-02  -0.887018E-02
  -0.951249E-02  -0.798591E-02  -0.641828E-02  -0.503363E-02  -0.431958E-02
  -0.414774E-02  -0.360802E-02  -0.304140E-02  -0.236365E-02  -0.595729E-03
   0.907240E-03   0.239410E-02   0.388510E-02   0.544740E-02   0.889865E-02
   0.136890E-01   0.172982E-01   0.203851E-01   0.229451E-01   0.225216E-01
   0.190467E-01   0.130282E-01   0.592372E-02  -0.497324E-03  -0.423767E-02
  -0.478485E-02  -0.326574E-02  -0.360833E-02  -0.725313E-02  -0.120429E-01
  -0.149364E-01  -0.150621E-01  -0.125662E-01  -0.643111E-02   0.431136E-03
   0.685840E-02   0.149244E-01   0.225399E-01   0.272034E-01   0.289336E-01
   0.297034E-01   0.298812E-01   0.292365E-01   0.282009E-01   0.259160E-01
   0.236746E-01   0.220871E-01   0.204648E-01   0.189242E-01   0.162467E-01
   0.121219E-01   0.778549E-02   0.422347E-02   0.155143E-02  -0.987604E-03
  -0.438016E-02  -0.812552E-02  -0.112303E-01  -0.130604E-01  -0.137453E-01
  -0.146654E-01  -0.163966E-01  -0.190363E-01  -0.211727E-01  -0.219240E-01
  -0.204999E-01  -0.167661E-01  -0.124398E-01  -0.896301E-02  -0.608619E-02
  -0.332314E-02   0.109786E-03   0.421457E-02   0.850126E-02   0.132514E-01
   0.156697E-01   0.143127E-01   0.112607E-01   0.841049E-02   0.505284E-02
   0.111295E-02  -0.102844E-02  -0.740867E-03   0.721972E-03   0.186787E-02
   0.217651E-02   0.678534E-03  -0.236833E-02  -0.606071E-02  -0.913909E-02
  -0.111966E-01  -0.131886E-01  -0.148626E-01  -0.160840E-01  -0.179171E-01
  -0.212352E-01  -0.244772E-01  -0.268663E-01  -0.287703E-01  -0.305402E-01
  -0.324204E-01  -0.343288E-01  -0.354379E-01  -0.344354E-01  -0.305096E-01
  -0.241656E-01  -0.180977E-01  -0.150137E-01  -0.152852E-01  -0.179814E-01
  -0.209431E-01  -0.222122E-01  -0.202697E-01  -0.162371E-01  -0.135142E-01
  -0.136737E-01  -0.146627E-01  -0.144925E-01  -0.131699E-01  -0.111956E-01
  -0.957027E-02  -0.951069E-02  -0.108826E-01  -0.120699E-01  -0.116796E-01
  -0.100795E-01  -0.753696E-02  -0.535040E-02  -0.347549E-02  -0.373325E-03
   0.100871E-02  -0.168018E-02  -0.658068E-02  -0.115667E-01  -0.149880E-01
  -0.181560E-01  -0.206172E-01  -0.218720E-01  -0.224951E-01  -0.222152E-01
  -0.207264E-01  -0.193486E-01  -0.196138E-01  -0.209215E-01  -0.225487E-01
  -0.240903E-01  -0.247009E-01  -0.238334E-01  -0.218120E-01  -0.190047E-01
  -0.168296E-01  -0.157523E-01  -0.151201E-01  -0.161492E-01  -0.188027E-01
  -0.215734E-01  -0.240884E-01  -0.263296E-01  -0.284781E-01  -0.306232E-01
  -0.321634E-01  -0.323798E-01  -0.301964E-01  -0.259536E-01  -0.217564E-01
  -0.189575E-01  -0.180592E-01  -0.186452E-01  -0.190734E-01  -0.178000E-01
  -0.126164E-01  -0.454546E-02   0.273563E-02   0.907664E-02   0.145847E-01
   0.198274E-01   0.240067E-01   0.263373E-01   0.279361E-01   0.302142E-01
   0.338786E-01   0.379751E-01   0.421476E-01   0.455106E-01   0.479323E-01
   0.495551E-01   0.508951E-01   0.527905E-01   0.541347E-01   0.547885E-01
   0.541012E-01   0.501435E-01   0.441502E-01   0.380751E-01   0.325542E-01
   0.280134E-01   0.248472E-01   0.236422E-01   0.234879E-01   0.230246E-01
   0.226408E-01   0.230769E-01   0.241172E-01   0.261405E-01   0.288777E-01
   0.315588E-01   0.336534E-01   0.338980E-01   0.317323E-01   0.279463E-01
   0.239376E-01   0.203512E-01   0.170757E-01   0.135972E-01   0.103809E-01
   0.831550E-02   0.720137E-02   0.591068E-02   0.505487E-02   0.473381E-02
   0.364150E-02   0.166416E-02  -0.568530E-03  -0.162904E-02  -0.301995E-02
  -0.587737E-02  -0.905033E-02  -0.949588E-02  -0.706391E-02  -0.370271E-02
  -0.859918E-04   0.251191E-02   0.336766E-02   0.289769E-02   0.244540E-02
   0.175704E-02   0.624216E-03  -0.436869E-03  -0.640864E-03   0.438593E-03
   0.201489E-02   0.249649E-02   0.186541E-02   0.730237E-03   0.859472E-03
   0.194053E-02   0.301639E-02   0.345007E-02   0.417788E-02   0.536134E-02
   0.613584E-02   0.640991E-02   0.674867E-02   0.781753E-02   0.978448E-02
   0.128612E-01   0.164140E-01   0.186620E-01   0.195706E-01   0.206398E-01
   0.216809E-01   0.222927E-01   0.236815E-01   0.258672E-01   0.273675E-01
   0.271836E-01   0.257682E-01   0.245277E-01   0.238664E-01   0.229994E-01
   0.214550E-01   0.202055E-01   0.197420E-01   0.197129E-01   0.180491E-01
   0.147803E-01   0.129918E-01   0.131002E-01   0.136364E-01   0.145566E-01
   0.148248E-01   0.151163E-01   0.146494E-01   0.125806E-01   0.104534E-01
   0.106019E-01   0.122027E-01   0.121216E-01   0.875488E-02   0.421680E-02
   0.984267E-03  -0.320069E-03  -0.109869E-02  -0.346911E-02  -0.629690E-02
  -0.976685E-02  -0.119912E-01  -0.126294E-01  -0.141365E-01  -0.170470E-01
  -0.201299E-01  -0.224182E-01  -0.236074E-01  -0.242354E-01  -0.257907E-01
  -0.283772E-01  -0.317255E-01  -0.358958E-01  -0.402050E-01  -0.419055E-01
  -0.411423E-01  -0.401320E-01  -0.401024E-01  -0.405739E-01  -0.417201E-01
  -0.432436E-01  -0.441564E-01  -0.438317E-01  -0.417936E-01  -0.390194E-01
  -0.371683E-01  -0.361686E-01  -0.353523E-01  -0.348159E-01  -0.331730E-01
  -0.297883E-01  -0.255573E-01  -0.209679E-01  -0.178110E-01  -0.169211E-01
  -0.170392E-01  -0.174268E-01  -0.179243E-01  -0.175043E-01  -0.161108E-01
  -0.142381E-01  -0.125815E-01  -0.116425E-01  -0.100533E-01  -0.908906E-02
  -0.996974E-02  -0.116691E-01  -0.135853E-01  -0.150222E-01  -0.141152E-01
  -0.104234E-01  -0.606508E-02  -0.305796E-02  -0.212132E-03   0.268779E-02
   0.535498E-02   0.798535E-02   0.103680E-01   0.110886E-01   0.121920E-01
   0.148258E-01   0.159674E-01   0.165882E-01   0.185273E-01   0.211123E-01
   0.218997E-01   0.206281E-01   0.178655E-01   0.145957E-01   0.119687E-01
   0.111561E-01   0.116954E-01   0.128643E-01   0.136681E-01   0.131466E-01
   0.121383E-01   0.110749E-01   0.980651E-02   0.899841E-02   0.986940E-02
   0.113553E-01   0.102869E-01   0.642513E-02   0.318690E-02   0.203193E-02
   0.180979E-02   0.769653E-03  -0.131516E-02  -0.411001E-02  -0.606423E-02
  -0.712042E-02  -0.663839E-02  -0.428748E-02  -0.263508E-02  -0.200774E-02
  -0.343636E-02  -0.496051E-02  -0.524851E-02  -0.451544E-02  -0.302370E-02
  -0.235195E-02  -0.173152E-02  -0.473819E-03   0.181360E-03  -0.416949E-04
  -0.237895E-03   0.707025E-04   0.212003E-02   0.356374E-02   0.381371E-02
   0.379223E-02   0.455675E-02   0.765674E-02   0.121104E-01   0.159236E-01
   0.171113E-01   0.139089E-01   0.864196E-02   0.361370E-02   0.469826E-03
   0.525462E-03   0.348721E-02   0.814829E-02   0.118541E-01   0.139838E-01
   0.157358E-01   0.166809E-01   0.163063E-01   0.156013E-01   0.152042E-01
   0.142735E-01   0.127677E-01   0.128455E-01   0.140284E-01   0.148562E-01
   0.154049E-01   0.155400E-01   0.162669E-01   0.165222E-01   0.152311E-01
   0.127179E-01   0.112670E-01   0.110284E-01   0.949924E-02   0.756897E-02
   0.548302E-02   0.445626E-02   0.387660E-02   0.419548E-02   0.475764E-02
   0.610532E-02   0.673717E-02   0.586589E-02   0.503542E-02   0.471871E-02
   0.387346E-02   0.142704E-02  -0.169143E-02  -0.382346E-02  -0.549565E-02
  -0.773664E-02  -0.891379E-02  -0.869369E-02  -0.937389E-02  -0.120631E-01
  -0.147630E-01  -0.169076E-01  -0.185111E-01  -0.182326E-01  -0.166667E-01
  -0.154697E-01  -0.153006E-01  -0.160286E-01  -0.162238E-01  -0.154728E-01
  -0.138895E-01  -0.118852E-01  -0.103602E-01  -0.915566E-02  -0.870215E-02
  -0.884902E-02  -0.923317E-02  -0.109993E-01  -0.136550E-01  -0.155800E-01
  -0.157881E-01  -0.167561E-01  -0.197313E-01  -0.227490E-01  -0.245585E-01
  -0.248462E-01  -0.236998E-01  -0.207997E-01  -0.181060E-01  -0.167260E-01
  -0.156592E-01  -0.141483E-01  -0.129329E-01  -0.132256E-01  -0.143981E-01
  -0.146186E-01  -0.137151E-01  -0.139392E-01  -0.149181E-01  -0.148690E-01
  -0.138054E-01  -0.122847E-01  -0.105711E-01  -0.944353E-02  -0.858427E-02
  -0.672881E-02  -0.332928E-02   0.102683E-02   0.442248E-02   0.521633E-02
   0.436572E-02   0.314109E-02   0.205204E-02   0.208289E-02   0.312348E-02
   0.525889E-02   0.941917E-02   0.131451E-01   0.150153E-01   0.134623E-01
   0.959746E-02   0.651815E-02   0.506762E-02   0.475268E-02   0.673773E-02
   0.100484E-01   0.134122E-01   0.156747E-01   0.161342E-01   0.153809E-01
   0.138892E-01   0.116874E-01   0.892580E-02   0.630128E-02   0.466921E-02
   0.449763E-02   0.488928E-02   0.554311E-02   0.703605E-02   0.948954E-02
   0.120689E-01   0.142175E-01   0.155304E-01   0.155455E-01   0.137965E-01
   0.117930E-01   0.102362E-01   0.797356E-02   0.549301E-02   0.306303E-02
   0.128267E-02   0.121233E-02   0.254049E-02   0.422286E-02   0.521359E-02
   0.599879E-02   0.650338E-02   0.689136E-02   0.720732E-02   0.781417E-02
   0.807601E-02   0.771454E-02   0.733516E-02   0.765604E-02   0.972664E-02
   0.121485E-01   0.122998E-01   0.109058E-01   0.954992E-02   0.746156E-02
   0.482019E-02   0.286676E-02   0.688921E-03  -0.245447E-02  -0.542149E-02
  -0.686705E-02  -0.733045E-02  -0.729897E-02  -0.783169E-02  -0.747852E-02
  -0.545917E-02  -0.698138E-03   0.522199E-02   0.745401E-02   0.666947E-02
   0.472599E-02   0.239538E-02   0.194306E-02   0.305019E-02   0.432720E-02
   0.527168E-02   0.517279E-02   0.376715E-02   0.198474E-02   0.148204E-02
   0.275649E-02   0.457666E-02   0.579694E-02   0.636639E-02   0.551608E-02
   0.363139E-02   0.270887E-02   0.315082E-02   0.420458E-02   0.477148E-02
   0.370261E-02   0.115605E-02  -0.778943E-03  -0.167964E-02  -0.165797E-02
   0.189889E-03   0.313200E-02   0.568583E-02   0.681700E-02   0.482243E-02
  -0.969787E-03  -0.727037E-02  -0.110644E-01  -0.123845E-01  -0.114714E-01
  -0.858498E-02  -0.558467E-02  -0.383980E-02  -0.347486E-02  -0.336354E-02
  -0.182565E-02   0.503984E-03   0.206106E-02   0.374425E-02   0.538623E-02
   0.550148E-02   0.424514E-02   0.213452E-02   0.131805E-02   0.199314E-02
   0.245045E-02   0.192678E-02   0.286776E-03  -0.175433E-02  -0.411121E-02
  -0.638848E-02  -0.766458E-02  -0.856709E-02  -0.108150E-01  -0.144093E-01
  -0.170634E-01  -0.186402E-01  -0.210005E-01  -0.217844E-01  -0.205458E-01
  -0.192213E-01  -0.170629E-01  -0.157038E-01  -0.157591E-01  -0.158664E-01
  -0.161163E-01  -0.148726E-01  -0.123445E-01  -0.101569E-01  -0.783369E-02
  -0.505423E-02  -0.213672E-02   0.510417E-03   0.193344E-02   0.869839E-03
  -0.224612E-02  -0.694158E-02  -0.110777E-01  -0.138011E-01  -0.153657E-01
  -0.148686E-01  -0.119824E-01  -0.932324E-02  -0.810932E-02  -0.671436E-02
  -0.541371E-02  -0.341813E-02  -0.389505E-03   0.197423E-02   0.303126E-02
   0.310713E-02   0.292224E-02   0.307267E-02   0.335017E-02   0.285559E-02
   0.225101E-02   0.305458E-02   0.478809E-02   0.559549E-02   0.507810E-02
   0.385614E-02   0.319739E-02   0.376151E-02   0.669230E-02   0.118941E-01
   0.165620E-01   0.194523E-01   0.204211E-01   0.206606E-01   0.212685E-01
   0.209588E-01   0.192072E-01   0.176997E-01   0.151694E-01   0.115407E-01
   0.807822E-02   0.625706E-02   0.540327E-02   0.448805E-02   0.454608E-02
   0.573354E-02   0.661398E-02   0.746125E-02   0.887290E-02   0.962204E-02
   0.927135E-02   0.919693E-02   0.981628E-02   0.111372E-01   0.128091E-01
   0.139401E-01   0.144585E-01   0.139085E-01   0.127052E-01   0.120353E-01
   0.113909E-01   0.998535E-02   0.862335E-02   0.717679E-02   0.569119E-02
   0.410053E-02   0.213853E-02   0.546626E-03   0.523808E-03   0.208686E-02
   0.373696E-02   0.462148E-02   0.462465E-02   0.415846E-02   0.386106E-02
   0.382834E-02   0.304528E-02   0.823527E-03  -0.254538E-02  -0.726840E-02
  -0.113660E-01  -0.124309E-01  -0.113120E-01  -0.910881E-02  -0.647264E-02
  -0.407592E-02  -0.308002E-02  -0.394105E-02  -0.472584E-02  -0.466830E-02
  -0.431296E-02  -0.353984E-02  -0.307031E-02  -0.239549E-02  -0.145148E-03
   0.375145E-02   0.833770E-02   0.109605E-01   0.101828E-01   0.780572E-02
   0.591442E-02   0.588112E-02   0.665097E-02   0.647681E-02   0.497988E-02
   0.386049E-02   0.385343E-02   0.432190E-02   0.504269E-02   0.532784E-02
   0.531490E-02   0.445059E-02   0.334653E-02   0.220361E-02   0.982792E-03
   0.652679E-03   0.872831E-03   0.908614E-03   0.592235E-03   0.532746E-03
   0.124476E-02   0.146072E-02   0.456861E-03   0.166640E-03  -0.118768E-03
  -0.242652E-03   0.103246E-02   0.274411E-02   0.168378E-02   0.587514E-03
   0.788121E-03  -0.616323E-03  -0.213214E-02  -0.378847E-02  -0.456351E-02
  -0.407740E-02  -0.372249E-02  -0.403148E-02  -0.615244E-02  -0.749735E-02
  -0.694595E-02  -0.611312E-02  -0.582843E-02  -0.440727E-02  -0.324773E-02
  -0.272012E-02  -0.252149E-02  -0.188925E-02  -0.130213E-02  -0.126603E-02
   0.310386E-03   0.149783E-02   0.109156E-02   0.205657E-03  -0.165514E-02
  -0.440340E-02  -0.704713E-02  -0.921718E-02  -0.994645E-02  -0.108003E-01
  -0.124064E-01  -0.130442E-01  -0.117824E-01  -0.968563E-02  -0.808588E-02
  -0.696970E-02  -0.597091E-02  -0.616876E-02  -0.774003E-02  -0.998777E-02
  -0.121839E-01  -0.126765E-01  -0.115968E-01  -0.933932E-02  -0.734359E-02
  -0.770070E-02  -0.910061E-02  -0.107003E-01  -0.118663E-01  -0.109425E-01
  -0.863110E-02  -0.683771E-02  -0.601432E-02  -0.640971E-02  -0.883724E-02
  -0.116374E-01  -0.131740E-01  -0.132521E-01  -0.119020E-01  -0.992658E-02
  -0.788816E-02  -0.658722E-02  -0.594910E-02  -0.486706E-02  -0.375603E-02
  -0.338158E-02  -0.355257E-02  -0.474801E-02  -0.716244E-02  -0.912901E-02
  -0.928537E-02  -0.826517E-02  -0.703245E-02  -0.573999E-02  -0.449887E-02
  -0.285596E-02  -0.296123E-03   0.231499E-02   0.453644E-02   0.692770E-02
   0.850744E-02   0.884141E-02   0.808255E-02   0.699715E-02   0.670634E-02
   0.662933E-02   0.550052E-02   0.369232E-02   0.245331E-02   0.171844E-02
   0.598521E-03   0.105997E-03   0.120531E-02   0.389342E-02   0.679567E-02
   0.822991E-02   0.837033E-02   0.925031E-02   0.106445E-01   0.108993E-01
   0.100068E-01   0.862014E-02   0.779026E-02   0.717576E-02   0.654374E-02
   0.514649E-02   0.233794E-02  -0.810948E-03  -0.339167E-02  -0.546819E-02
  -0.720307E-02  -0.768051E-02  -0.805909E-02  -0.898945E-02  -0.933605E-02
  -0.910902E-02  -0.941558E-02  -0.936140E-02  -0.768205E-02  -0.482513E-02
  -0.294811E-02  -0.314527E-02  -0.476557E-02  -0.551513E-02  -0.655566E-02
  -0.876647E-02  -0.102529E-01  -0.986605E-02  -0.878459E-02  -0.843508E-02
  -0.955452E-02  -0.110919E-01  -0.110964E-01  -0.998029E-02  -0.906869E-02
  -0.800596E-02  -0.733454E-02  -0.736060E-02  -0.810659E-02  -0.832884E-02
  -0.750841E-02  -0.564962E-02  -0.179550E-02   0.242034E-02   0.583343E-02
   0.772655E-02   0.904210E-02   0.969799E-02   0.812231E-02   0.579122E-02
   0.517357E-02   0.592591E-02   0.572411E-02   0.476667E-02   0.424466E-02
   0.366983E-02   0.325812E-02   0.402286E-02   0.496829E-02   0.561361E-02
   0.513163E-02   0.420466E-02   0.415082E-02   0.576605E-02   0.871962E-02
   0.114064E-01   0.123302E-01   0.126755E-01   0.145516E-01   0.174868E-01
   0.200181E-01   0.212007E-01   0.203674E-01   0.185685E-01   0.166424E-01
   0.143372E-01   0.121578E-01   0.105574E-01   0.879002E-02   0.612798E-02
   0.380684E-02   0.265882E-02   0.174864E-02   0.172038E-02   0.298612E-02
   0.410212E-02   0.431117E-02   0.400711E-02   0.367273E-02   0.442208E-02
   0.621323E-02   0.862192E-02   0.111375E-01   0.131849E-01   0.143184E-01
   0.130210E-01   0.102886E-01   0.791667E-02   0.705648E-02   0.607918E-02
   0.519734E-02   0.504984E-02   0.519671E-02   0.582438E-02   0.594165E-02
   0.542412E-02   0.502449E-02   0.577233E-02   0.629077E-02   0.495647E-02
   0.277532E-02   0.186025E-02   0.665248E-03  -0.229085E-03  -0.781752E-04
   0.201976E-03   0.933730E-03   0.129797E-02   0.176772E-02   0.201026E-02
   0.173006E-02   0.146291E-02   0.139215E-02   0.127409E-02  -0.237921E-03
  -0.187560E-02  -0.335132E-02  -0.415451E-02  -0.388707E-02  -0.346947E-02
  -0.285798E-02  -0.317830E-02  -0.401973E-02  -0.421718E-02  -0.387211E-02
  -0.359264E-02  -0.365011E-02  -0.437245E-02  -0.568567E-02  -0.640795E-02
  -0.552005E-02  -0.369987E-02  -0.277565E-02  -0.373640E-02  -0.558010E-02
  -0.641449E-02  -0.575982E-02  -0.387902E-02  -0.177513E-02  -0.582304E-03
   0.103930E-03   0.985787E-03   0.148039E-02   0.804258E-03  -0.207197E-03
  -0.961207E-03  -0.182387E-02  -0.357875E-02  -0.531177E-02  -0.599457E-02
  -0.567254E-02  -0.521450E-02  -0.470770E-02  -0.274912E-02  -0.134053E-03
   0.920486E-03   0.163391E-02   0.222889E-02   0.283123E-02   0.311358E-02
   0.263627E-02   0.156755E-02   0.100399E-02   0.124228E-02   0.141300E-02
   0.143416E-02   0.286596E-02   0.394068E-02   0.340556E-02   0.249656E-02
   0.524164E-03  -0.692387E-03  -0.194255E-02  -0.278565E-02  -0.414997E-02
  -0.672293E-02  -0.814935E-02  -0.904137E-02  -0.958061E-02  -0.926227E-02
  -0.733164E-02  -0.439746E-02  -0.316852E-02  -0.385621E-02  -0.459561E-02
  -0.491793E-02  -0.446802E-02  -0.339538E-02  -0.188335E-02  -0.542229E-03
   0.599926E-03   0.210164E-02   0.343258E-02   0.387176E-02   0.291957E-02
   0.120125E-02  -0.729069E-03  -0.321469E-02  -0.646324E-02  -0.961239E-02
  -0.121453E-01  -0.139867E-01  -0.156232E-01  -0.166377E-01  -0.174697E-01
  -0.182574E-01  -0.191044E-01  -0.190522E-01  -0.181232E-01  -0.170233E-01
  -0.155257E-01  -0.139526E-01  -0.133155E-01  -0.132476E-01  -0.124984E-01
  -0.101809E-01  -0.812983E-02  -0.647283E-02  -0.580813E-02  -0.602954E-02
  -0.606056E-02  -0.659664E-02  -0.768773E-02  -0.855941E-02  -0.754256E-02
  -0.609124E-02  -0.581942E-02  -0.623870E-02  -0.798333E-02  -0.885892E-02
  -0.871939E-02  -0.748258E-02  -0.548133E-02  -0.389915E-02  -0.338582E-02
  -0.286675E-02  -0.124230E-02   0.133252E-02   0.286604E-02   0.331310E-02
   0.415473E-02   0.476725E-02   0.366094E-02   0.202922E-02   0.141331E-02
   0.199768E-02   0.308039E-02   0.392384E-02   0.484207E-02   0.542073E-02
   0.535483E-02   0.519809E-02   0.637423E-02   0.809188E-02   0.897960E-02
   0.896591E-02   0.801927E-02   0.655365E-02   0.566902E-02   0.584933E-02
   0.672946E-02   0.794320E-02   0.867288E-02   0.799906E-02   0.667463E-02
   0.663981E-02   0.827220E-02   0.100565E-01   0.111261E-01   0.121395E-01
   0.133474E-01   0.134778E-01   0.123869E-01   0.114241E-01   0.118947E-01
   0.125137E-01   0.117076E-01   0.880708E-02   0.545721E-02   0.334710E-02
   0.886939E-03  -0.148616E-02  -0.160541E-02   0.283055E-03   0.212933E-02
   0.309291E-02   0.404781E-02   0.617681E-02   0.903723E-02   0.113804E-01
   0.122623E-01   0.124908E-01   0.124547E-01   0.129767E-01   0.134659E-01
   0.138510E-01   0.129148E-01   0.107522E-01   0.970618E-02   0.909550E-02
   0.861662E-02   0.755578E-02   0.658730E-02   0.547932E-02   0.398395E-02
   0.339442E-02   0.363415E-02   0.376242E-02   0.348355E-02   0.310345E-02
   0.295990E-02   0.368943E-02   0.501804E-02   0.562283E-02   0.663569E-02
   0.886795E-02   0.102012E-01   0.116884E-01   0.135533E-01   0.153692E-01
   0.172647E-01   0.176952E-01   0.166320E-01   0.150006E-01   0.132475E-01
   0.110815E-01   0.935056E-02   0.903097E-02   0.102724E-01   0.114611E-01
   0.115697E-01   0.114837E-01   0.103638E-01   0.733023E-02   0.380556E-02
   0.101785E-02  -0.119049E-02  -0.245053E-02  -0.250174E-02  -0.236433E-02
  -0.305593E-02  -0.470391E-02  -0.602135E-02  -0.604223E-02  -0.548560E-02
  -0.533018E-02  -0.561621E-02  -0.629961E-02  -0.752049E-02  -0.891897E-02
  -0.100614E-01  -0.106740E-01  -0.105266E-01  -0.105575E-01  -0.116701E-01
  -0.136683E-01  -0.160817E-01  -0.184162E-01  -0.203555E-01  -0.217889E-01
  -0.224451E-01  -0.225892E-01  -0.224498E-01  -0.229764E-01  -0.238035E-01
  -0.235859E-01  -0.225058E-01  -0.213734E-01  -0.197940E-01  -0.176258E-01
  -0.151808E-01  -0.137301E-01  -0.122881E-01  -0.113420E-01  -0.116582E-01
  -0.131599E-01  -0.141002E-01  -0.146841E-01  -0.143558E-01  -0.124555E-01
  -0.103466E-01  -0.883895E-02  -0.794524E-02  -0.769943E-02  -0.813115E-02
  -0.945491E-02  -0.103614E-01  -0.112869E-01  -0.122859E-01  -0.128829E-01
  -0.126886E-01  -0.120712E-01  -0.133945E-01  -0.144206E-01  -0.136957E-01
  -0.124918E-01  -0.118693E-01  -0.116928E-01  -0.114541E-01  -0.109336E-01
  -0.103529E-01  -0.967031E-02  -0.719927E-02  -0.268394E-02   0.110633E-02
   0.322742E-02   0.422988E-02   0.593035E-02   0.715860E-02   0.798375E-02
   0.922700E-02   0.970009E-02   0.931305E-02   0.894319E-02   0.886176E-02
   0.813110E-02   0.664329E-02   0.585449E-02   0.622807E-02   0.807443E-02
   0.939488E-02   0.896196E-02   0.809088E-02   0.777645E-02   0.727274E-02
   0.670886E-02   0.664165E-02   0.681907E-02   0.754940E-02   0.819812E-02
   0.953393E-02   0.118833E-01   0.130057E-01   0.130500E-01   0.135920E-01
   0.141079E-01   0.139088E-01   0.135301E-01   0.146027E-01   0.157591E-01
   0.155163E-01   0.157569E-01   0.165675E-01   0.165615E-01   0.158053E-01
   0.150506E-01   0.136197E-01   0.118587E-01   0.101566E-01   0.885554E-02
   0.853232E-02   0.863148E-02   0.836960E-02   0.722701E-02   0.545666E-02
   0.429306E-02   0.325360E-02   0.212322E-02   0.177327E-02   0.192839E-02
   0.137565E-02  -0.129020E-03  -0.207405E-02  -0.366046E-02  -0.376423E-02
  -0.297756E-02  -0.181447E-02   0.419282E-03   0.310030E-02   0.473652E-02
   0.524595E-02   0.604032E-02   0.684853E-02   0.699228E-02   0.616550E-02
   0.551309E-02   0.634646E-02   0.889581E-02   0.117756E-01   0.137895E-01
   0.145140E-01   0.138329E-01   0.124079E-01   0.994354E-02   0.709898E-02
   0.538881E-02   0.437721E-02   0.314777E-02   0.170531E-02   0.634410E-03
  -0.936922E-03  -0.179211E-02  -0.104934E-02   0.116760E-02   0.327059E-02
   0.484789E-02   0.605564E-02   0.728413E-02   0.758456E-02   0.688484E-02
   0.589047E-02   0.412057E-02   0.301330E-02   0.128284E-02  -0.156266E-02
  -0.283041E-02  -0.391859E-02  -0.482383E-02  -0.666436E-02  -0.963675E-02
  -0.114437E-01  -0.121081E-01  -0.134616E-01  -0.141726E-01  -0.126802E-01
  -0.105584E-01  -0.995648E-02  -0.104967E-01  -0.987513E-02  -0.873924E-02
  -0.749802E-02  -0.680938E-02  -0.539929E-02  -0.270198E-02  -0.115625E-02
  -0.781372E-04   0.209658E-02   0.491607E-02   0.675168E-02   0.719184E-02
   0.552978E-02   0.359877E-02   0.204654E-02   0.126619E-02   0.149330E-02
   0.164278E-02   0.136642E-02   0.761089E-03  -0.105676E-02  -0.392414E-02
  -0.517331E-02  -0.449852E-02  -0.373011E-02  -0.386247E-02  -0.435633E-02
  -0.468260E-02  -0.570165E-02  -0.702955E-02  -0.718738E-02  -0.658908E-02
  -0.612385E-02  -0.507843E-02  -0.372027E-02  -0.355009E-02  -0.524639E-02
  -0.813777E-02  -0.101837E-01  -0.107667E-01  -0.105554E-01  -0.107993E-01
  -0.120110E-01  -0.135045E-01  -0.145441E-01  -0.152336E-01  -0.158296E-01
  -0.161655E-01  -0.158269E-01  -0.151508E-01  -0.138131E-01  -0.111106E-01
  -0.822716E-02  -0.666593E-02  -0.620763E-02  -0.622826E-02  -0.606678E-02
  -0.563521E-02  -0.520885E-02  -0.500441E-02  -0.490779E-02  -0.480926E-02
  -0.462387E-02  -0.449902E-02  -0.511351E-02  -0.658601E-02  -0.778776E-02
  -0.867001E-02  -0.932158E-02  -0.107882E-01  -0.129933E-01  -0.143488E-01
  -0.147375E-01  -0.148991E-01  -0.143914E-01  -0.129662E-01  -0.115038E-01
  -0.926226E-02  -0.657064E-02  -0.522353E-02  -0.393578E-02  -0.259700E-02
  -0.347848E-03   0.280827E-02   0.549143E-02   0.676983E-02   0.712011E-02
   0.730107E-02   0.825148E-02   0.962842E-02   0.966708E-02   0.802644E-02
   0.625792E-02   0.584081E-02   0.473085E-02   0.355275E-02   0.185171E-02
   0.852031E-03   0.132600E-02   0.179336E-02   0.179378E-02   0.140152E-02
   0.379096E-03  -0.102752E-02  -0.122551E-02  -0.584468E-03  -0.122093E-03
  -0.143736E-03   0.657428E-03   0.235825E-02   0.463793E-02   0.368064E-02
   0.159077E-02   0.147151E-02   0.235286E-02   0.222728E-02   0.208423E-02
   0.252080E-02   0.273862E-02   0.266747E-02   0.255025E-02   0.272026E-02
   0.436687E-02   0.667443E-02   0.872183E-02   0.100220E-01   0.998714E-02
   0.938271E-02   0.900287E-02   0.762199E-02   0.490523E-02   0.344279E-02
   0.390814E-02   0.472144E-02   0.609434E-02   0.695575E-02   0.651449E-02
   0.597850E-02   0.733870E-02   0.969527E-02   0.110460E-01   0.108349E-01
   0.989358E-02   0.871853E-02   0.740036E-02   0.685203E-02   0.701215E-02
   0.715271E-02   0.740463E-02   0.772615E-02   0.753264E-02   0.656537E-02
   0.556879E-02   0.528560E-02   0.439567E-02   0.295291E-02   0.243323E-02
   0.283711E-02   0.415129E-02   0.539201E-02   0.534312E-02   0.518643E-02
   0.610343E-02   0.716265E-02   0.820986E-02   0.915696E-02   0.101657E-01
   0.110251E-01   0.107675E-01   0.891342E-02   0.695538E-02   0.662363E-02
   0.709416E-02   0.655950E-02   0.472148E-02   0.330911E-02   0.321822E-02
   0.361438E-02   0.357722E-02   0.321229E-02   0.343955E-02   0.458164E-02
   0.536294E-02   0.505940E-02   0.448893E-02   0.536250E-02   0.689127E-02
   0.709255E-02   0.622773E-02   0.553540E-02   0.500127E-02   0.383752E-02
   0.254548E-02   0.217698E-02   0.238851E-02   0.232064E-02   0.117139E-02
  -0.752557E-03  -0.150534E-02  -0.104317E-02  -0.103391E-02  -0.161570E-02
  -0.156543E-02  -0.162190E-02  -0.283458E-02  -0.411967E-02  -0.433164E-02
  -0.460430E-02  -0.596790E-02  -0.717664E-02  -0.806983E-02  -0.874131E-02
  -0.946100E-02  -0.106277E-01  -0.110137E-01  -0.104581E-01  -0.995070E-02
  -0.986000E-02  -0.103106E-01  -0.114017E-01  -0.129735E-01  -0.142828E-01
  -0.149282E-01  -0.155566E-01  -0.156104E-01  -0.149766E-01  -0.144618E-01
  -0.144185E-01  -0.150508E-01  -0.153655E-01  -0.154799E-01  -0.151692E-01
  -0.145224E-01  -0.142138E-01  -0.144698E-01  -0.137784E-01  -0.126505E-01
  -0.121300E-01  -0.119587E-01  -0.117093E-01  -0.114818E-01  -0.120371E-01
  -0.128930E-01  -0.127083E-01  -0.113089E-01  -0.895084E-02  -0.777259E-02
  -0.810528E-02  -0.835034E-02  -0.772267E-02  -0.521949E-02  -0.339320E-02
  -0.253175E-02  -0.558825E-03   0.164813E-02   0.382987E-02   0.453563E-02
   0.383751E-02   0.262839E-02   0.221629E-02   0.190467E-02   0.852663E-03
   0.394110E-03   0.809541E-03   0.204933E-02   0.269190E-02   0.235375E-02
   0.201168E-02   0.210006E-02   0.240707E-02   0.265584E-02   0.360314E-02
   0.507662E-02   0.702902E-02   0.818094E-02   0.914180E-02   0.999164E-02
   0.113949E-01   0.138543E-01   0.150310E-01   0.149987E-01   0.146001E-01
   0.136031E-01   0.126041E-01   0.109903E-01   0.968850E-02   0.104144E-01
   0.121995E-01   0.140750E-01   0.146050E-01   0.150461E-01   0.155110E-01
   0.152395E-01   0.146657E-01   0.141515E-01   0.127898E-01   0.110435E-01
   0.104076E-01   0.106697E-01   0.116941E-01   0.120393E-01   0.103953E-01
   0.861549E-02   0.885078E-02   0.105835E-01   0.115024E-01   0.108035E-01
   0.976131E-02   0.991044E-02   0.111996E-01   0.119492E-01   0.113794E-01
   0.104245E-01   0.992477E-02   0.981067E-02   0.958840E-02   0.860057E-02
   0.691467E-02   0.564388E-02   0.542145E-02   0.558468E-02   0.538410E-02
   0.488315E-02   0.442597E-02   0.417368E-02   0.400180E-02   0.374199E-02
   0.261210E-02  -0.605294E-04  -0.296950E-02  -0.516971E-02  -0.692502E-02
  -0.723718E-02  -0.664814E-02  -0.641459E-02  -0.628460E-02  -0.536580E-02
  -0.430376E-02  -0.478300E-02  -0.674607E-02  -0.758373E-02  -0.685903E-02
  -0.612445E-02  -0.612934E-02  -0.694057E-02  -0.877571E-02  -0.980831E-02
  -0.101353E-01  -0.109372E-01  -0.121079E-01  -0.128129E-01  -0.116249E-01
  -0.964690E-02  -0.855618E-02  -0.740490E-02  -0.673722E-02  -0.690353E-02
  -0.719383E-02  -0.776723E-02  -0.784346E-02  -0.732239E-02  -0.605964E-02
  -0.544880E-02  -0.664643E-02  -0.841252E-02  -0.881340E-02  -0.961188E-02
  -0.103704E-01  -0.117408E-01  -0.124998E-01  -0.117991E-01  -0.110566E-01
  -0.107791E-01  -0.108137E-01  -0.106194E-01  -0.103411E-01  -0.107891E-01
  -0.110452E-01  -0.977906E-02  -0.850726E-02  -0.816619E-02  -0.758880E-02
  -0.608527E-02  -0.576728E-02  -0.649191E-02  -0.736311E-02  -0.749181E-02
  -0.689466E-02  -0.633560E-02  -0.604036E-02  -0.452487E-02  -0.285387E-02
  -0.125548E-02  -0.235143E-03   0.334158E-03   0.341177E-04  -0.618045E-03
  -0.538057E-03  -0.955140E-04   0.177983E-03   0.134057E-03  -0.318625E-04
  -0.116604E-02  -0.309682E-02  -0.449839E-02  -0.463505E-02  -0.411828E-02
  -0.481479E-02  -0.629110E-02  -0.664977E-02  -0.645205E-02  -0.598009E-02
  -0.513096E-02  -0.409850E-02  -0.270919E-02  -0.600271E-03   0.205052E-02
   0.366579E-02   0.442137E-02   0.533414E-02   0.536028E-02   0.399803E-02
   0.271392E-02   0.273986E-02   0.332111E-02   0.273519E-02   0.896390E-03
  -0.328993E-03  -0.514185E-03   0.198393E-03   0.135048E-02   0.241177E-02
   0.364408E-02   0.480333E-02   0.605739E-02   0.680131E-02   0.676380E-02
   0.599611E-02   0.551845E-02   0.574394E-02   0.640251E-02   0.756899E-02
   0.920288E-02   0.109585E-01   0.120247E-01   0.124143E-01   0.125164E-01
   0.130876E-01   0.140519E-01   0.141383E-01   0.134454E-01   0.127982E-01
   0.120800E-01   0.102581E-01   0.857897E-02   0.696496E-02   0.598227E-02
   0.516392E-02   0.394328E-02   0.339546E-02   0.348703E-02   0.357819E-02
   0.335678E-02   0.261740E-02   0.814290E-03  -0.138571E-03   0.118365E-03
   0.536252E-04   0.376927E-03   0.115586E-02   0.268676E-02   0.351597E-02
   0.373777E-02   0.296591E-02   0.210014E-02   0.223344E-02   0.273008E-02
   0.454783E-02   0.568277E-02   0.682322E-02   0.730046E-02   0.661706E-02
   0.514585E-02   0.359143E-02   0.313205E-02   0.185589E-02   0.746100E-03
   0.667088E-03  -0.856672E-03  -0.236849E-02  -0.395916E-02  -0.464056E-02
  -0.413423E-02  -0.464104E-02  -0.619578E-02  -0.685639E-02  -0.612975E-02
  -0.404974E-02  -0.252045E-02  -0.190348E-02  -0.118109E-02  -0.640594E-03
   0.877220E-03   0.232594E-02   0.372322E-02   0.449206E-02   0.404823E-02
   0.205894E-02  -0.206488E-03  -0.150893E-02  -0.285604E-02  -0.384979E-02
  -0.506976E-02  -0.528595E-02  -0.387811E-02  -0.422460E-02  -0.577339E-02
  -0.619690E-02  -0.554125E-02  -0.481427E-02  -0.329131E-02  -0.205498E-02
  -0.224771E-02  -0.393785E-02  -0.537189E-02  -0.510993E-02  -0.409998E-02
  -0.250820E-02  -0.149827E-03   0.143799E-02   0.230075E-02   0.308593E-02
   0.331904E-02   0.366849E-02   0.433467E-02   0.502347E-02   0.496720E-02
   0.454776E-02   0.365074E-02   0.241711E-02   0.205374E-02   0.238153E-02
   0.255285E-02   0.232277E-02   0.201904E-02   0.190273E-02   0.232987E-02
   0.348854E-02   0.447514E-02   0.435582E-02   0.377377E-02   0.385084E-02
   0.434136E-02   0.433874E-02   0.482711E-02   0.569668E-02   0.577218E-02
   0.524121E-02   0.525074E-02   0.632117E-02   0.746794E-02   0.764545E-02
   0.791787E-02   0.870878E-02   0.933018E-02   0.103979E-01   0.105677E-01
   0.927045E-02   0.871189E-02   0.827645E-02   0.777345E-02   0.770587E-02
   0.801816E-02   0.703555E-02   0.504555E-02   0.416156E-02   0.443412E-02
   0.462607E-02   0.425867E-02   0.385997E-02   0.531459E-02   0.651187E-02
   0.684185E-02   0.728499E-02   0.631668E-02   0.428104E-02   0.323956E-02
   0.170417E-02  -0.325409E-03  -0.171958E-02  -0.214168E-02  -0.356188E-02
  -0.486894E-02  -0.493718E-02  -0.645039E-02  -0.852969E-02  -0.995559E-02
  -0.107186E-01  -0.114082E-01  -0.117422E-01  -0.115350E-01  -0.112363E-01
  -0.111151E-01  -0.109918E-01  -0.102015E-01  -0.100216E-01  -0.104736E-01
  -0.975943E-02  -0.804472E-02  -0.774687E-02  -0.859950E-02  -0.825114E-02
  -0.779551E-02  -0.859833E-02  -0.955806E-02  -0.948503E-02  -0.891930E-02
  -0.910954E-02  -0.988808E-02  -0.105770E-01  -0.108500E-01  -0.105764E-01
  -0.106695E-01  -0.106094E-01  -0.987325E-02  -0.928387E-02  -0.918361E-02
  -0.916336E-02  -0.901229E-02  -0.932435E-02  -0.103031E-01  -0.109691E-01
  -0.105957E-01  -0.906894E-02  -0.709712E-02  -0.647761E-02  -0.747159E-02
  -0.933065E-02  -0.108239E-01  -0.109166E-01  -0.105758E-01  -0.103124E-01
  -0.101255E-01  -0.995825E-02  -0.972473E-02  -0.940343E-02  -0.906588E-02
  -0.868322E-02  -0.758982E-02  -0.574342E-02  -0.489210E-02  -0.517221E-02
  -0.537227E-02  -0.504589E-02  -0.449248E-02  -0.363483E-02  -0.182696E-02
  -0.839624E-03  -0.120812E-02  -0.158951E-02  -0.141481E-02  -0.961786E-03
  -0.722783E-03  -0.937246E-03  -0.201834E-02  -0.321391E-02  -0.327446E-02
  -0.257632E-02  -0.218196E-02  -0.205068E-02  -0.400594E-03   0.972929E-03
   0.734186E-03   0.244523E-03   0.245883E-03   0.672437E-03   0.101039E-02
   0.194643E-02   0.250776E-02   0.224030E-02   0.109069E-02   0.362231E-03
  -0.956430E-03  -0.170752E-02  -0.118413E-02  -0.644184E-03  -0.460464E-03
   0.781798E-03   0.212784E-02   0.218902E-02   0.174395E-02   0.163433E-02
   0.193916E-02   0.220207E-02   0.226362E-02   0.220269E-02   0.219730E-02
   0.225161E-02   0.232936E-02   0.237269E-02   0.240242E-02   0.242685E-02
   0.246462E-02   0.250495E-02   0.249666E-02   0.196372E-02   0.131515E-02
   0.178788E-02   0.295004E-02   0.438770E-02   0.548361E-02   0.553115E-02
   0.616201E-02   0.751475E-02   0.795670E-02   0.752506E-02   0.770170E-02
   0.896697E-02   0.994745E-02   0.102079E-01   0.106718E-01   0.113311E-01
   0.113517E-01   0.108590E-01   0.104684E-01   0.103242E-01   0.102201E-01
   0.999885E-02   0.969494E-02   0.943328E-02   0.962357E-02   0.106102E-01
   0.115272E-01   0.117049E-01   0.116630E-01   0.110778E-01   0.993429E-02
   0.934264E-02   0.938148E-02   0.936959E-02   0.902760E-02   0.857504E-02
   0.819762E-02   0.760783E-02   0.699089E-02   0.683675E-02   0.637072E-02
   0.611623E-02   0.638156E-02   0.547274E-02   0.382448E-02   0.323474E-02
   0.354723E-02   0.352405E-02   0.264725E-02   0.236332E-02   0.177327E-02
   0.467924E-03  -0.946135E-04  -0.316778E-03  -0.179291E-02  -0.289082E-02
  -0.262426E-02  -0.213200E-02  -0.182929E-02  -0.102012E-02   0.188115E-03
   0.459105E-03   0.298746E-05  -0.307372E-03  -0.170561E-03   0.480792E-03
   0.214923E-02   0.291513E-02   0.228083E-02   0.159596E-02   0.106164E-02
  -0.362559E-03  -0.122781E-02  -0.892575E-03  -0.515740E-03  -0.606554E-03
  -0.950869E-03  -0.111806E-02  -0.110166E-02  -0.103342E-02  -0.105589E-02
  -0.111444E-02  -0.118021E-02  -0.120059E-02  -0.122551E-02  -0.124380E-02
  -0.126954E-02  -0.146218E-02  -0.331833E-02  -0.463739E-02  -0.417080E-02
  -0.343861E-02  -0.333091E-02  -0.366773E-02  -0.383673E-02  -0.374225E-02
  -0.354861E-02  -0.346005E-02  -0.344673E-02  -0.336124E-02  -0.242145E-02
  -0.181406E-02  -0.286474E-02  -0.381248E-02  -0.358947E-02  -0.303303E-02
  -0.284087E-02  -0.300463E-02  -0.312430E-02  -0.307582E-02  -0.300069E-02
  -0.363746E-02  -0.428395E-02  -0.413133E-02  -0.315549E-02  -0.373917E-02
  -0.521001E-02  -0.546033E-02  -0.483695E-02  -0.434342E-02  -0.436195E-02
  -0.456235E-02  -0.519540E-02  -0.495380E-02  -0.403364E-02  -0.364676E-02
  -0.373026E-02  -0.303170E-02  -0.145770E-02  -0.613605E-03  -0.884624E-03
  -0.122753E-02  -0.399384E-03   0.128888E-02   0.206398E-02   0.163659E-02
   0.111382E-02   0.970516E-03  -0.222422E-03  -0.147181E-02  -0.144688E-02
  -0.915809E-03  -0.781856E-03  -0.162361E-02  -0.314526E-02  -0.402142E-02
  -0.373617E-02  -0.374863E-02  -0.488974E-02  -0.591264E-02  -0.579127E-02
  -0.517462E-02  -0.486185E-02  -0.481200E-02  -0.372018E-02  -0.212037E-02
  -0.166101E-02  -0.203060E-02  -0.170780E-02  -0.117960E-02  -0.330405E-03
   0.830465E-03   0.571903E-03  -0.113917E-02  -0.229441E-02  -0.197250E-02
  -0.118536E-02  -0.390085E-03   0.194903E-03   0.648931E-03   0.608230E-03
   0.538915E-03   0.103502E-02   0.142203E-02   0.138025E-02   0.120249E-02
   0.116001E-02   0.122221E-02   0.127341E-02   0.125736E-02   0.121817E-02
   0.122826E-02   0.173531E-02   0.288386E-02   0.384986E-02   0.378826E-02
   0.284810E-02   0.146292E-02   0.505701E-03   0.200705E-03  -0.544848E-03
  -0.157172E-02  -0.142473E-02  -0.208582E-03   0.740159E-03   0.115348E-02
   0.106083E-02   0.823253E-03   0.811376E-03   0.539936E-03  -0.534292E-03
  -0.122154E-02  -0.602264E-04   0.154007E-02   0.176000E-02   0.107668E-02
   0.645540E-03  -0.473091E-06  -0.131313E-02  -0.186380E-02  -0.211315E-02
  -0.323687E-02  -0.386681E-02  -0.353056E-02  -0.307216E-02  -0.297591E-02
  -0.306093E-02  -0.304314E-02  -0.286827E-02  -0.267696E-02  -0.247593E-02
  -0.158211E-02   0.725303E-04   0.793923E-03   0.104017E-02   0.225504E-02
   0.308910E-02   0.287048E-02   0.249707E-02   0.246482E-02   0.266107E-02
   0.273652E-02   0.267089E-02   0.253657E-02   0.224882E-02   0.138798E-02
   0.689604E-03   0.787580E-04  -0.107546E-03   0.125984E-03   0.291390E-03
   0.707481E-03   0.227584E-02   0.342664E-02   0.380856E-02   0.373797E-02
   0.372503E-02   0.459869E-02   0.518259E-02   0.493933E-02   0.451270E-02
   0.435226E-02   0.414380E-02   0.323842E-02   0.238331E-02   0.167319E-02
   0.141876E-02   0.161703E-02   0.168726E-02   0.157073E-02   0.164768E-02
   0.268618E-02   0.404598E-02   0.429018E-02   0.367054E-02   0.328546E-02
   0.337128E-02   0.380030E-02   0.482868E-02   0.592983E-02   0.594417E-02
   0.529424E-02   0.489706E-02   0.469159E-02   0.370129E-02   0.230846E-02
   0.184389E-02   0.169771E-02   0.155821E-03  -0.101249E-02  -0.785982E-03
  -0.278397E-03   0.199381E-04   0.821594E-03   0.199732E-02   0.227812E-02
   0.228279E-02   0.361110E-02   0.437285E-02   0.316825E-02   0.185136E-02
   0.822208E-03  -0.312831E-03  -0.133438E-02  -0.174407E-02  -0.249010E-02
  -0.365589E-02  -0.379056E-02  -0.275444E-02  -0.283335E-02  -0.361789E-02
  -0.380755E-02  -0.395559E-02  -0.529774E-02  -0.615048E-02  -0.565881E-02
  -0.502264E-02  -0.486282E-02  -0.501612E-02  -0.501841E-02  -0.482753E-02
  -0.457039E-02  -0.440952E-02  -0.421730E-02  -0.315244E-02  -0.150365E-02
  -0.971089E-03  -0.142610E-02  -0.172857E-02  -0.151106E-02  -0.116548E-02
  -0.101781E-02  -0.106083E-02  -0.100975E-02   0.619066E-04   0.170465E-02
   0.214030E-02   0.155548E-02   0.115542E-02   0.130092E-02   0.157661E-02
   0.163928E-02   0.150952E-02   0.146749E-02   0.240037E-02   0.384206E-02
   0.326268E-02   0.112390E-02   0.261024E-03   0.100085E-02   0.250532E-02
   0.303771E-02   0.238907E-02   0.183789E-02   0.175092E-02   0.112967E-02
   0.567750E-03   0.689569E-03   0.886445E-03   0.890290E-03   0.707376E-03
   0.611871E-03   0.685167E-03   0.152407E-02   0.132951E-02   0.140536E-02
   0.273384E-02   0.348809E-02   0.404004E-02   0.503250E-02   0.535191E-02
   0.492317E-02   0.446076E-02   0.345907E-02   0.200930E-02   0.146476E-02
   0.887312E-03  -0.388612E-03  -0.109718E-02  -0.179409E-02  -0.309231E-02
  -0.359228E-02  -0.320076E-02  -0.281957E-02  -0.284351E-02  -0.316374E-02
  -0.484923E-02  -0.516273E-02  -0.470886E-02  -0.396394E-02  -0.417649E-02
  -0.490425E-02  -0.408038E-02  -0.391466E-02  -0.440607E-02  -0.519025E-02
  -0.555509E-02  -0.513296E-02  -0.393754E-02  -0.311888E-02  -0.322816E-02
  -0.351406E-02  -0.343764E-02  -0.316742E-02  -0.369928E-02  -0.505360E-02
  -0.568123E-02  -0.518907E-02  -0.457554E-02  -0.441866E-02  -0.451930E-02
  -0.448722E-02  -0.426387E-02  -0.406698E-02  -0.452655E-02  -0.441487E-02
  -0.419286E-02  -0.371756E-02  -0.301923E-02  -0.282212E-02  -0.286112E-02
  -0.284205E-02  -0.253901E-02  -0.153500E-02  -0.706565E-03  -0.138891E-02
  -0.165389E-02  -0.164064E-02  -0.180415E-02  -0.174894E-02  -0.153707E-02
  -0.137241E-02  -0.130216E-02  -0.124319E-02  -0.114005E-02  -0.938966E-03
  -0.342953E-04   0.793502E-03   0.889198E-03   0.134157E-02   0.199406E-02
   0.214125E-02   0.205359E-02   0.283346E-02   0.504675E-02   0.650665E-02
   0.678931E-02   0.670151E-02   0.727773E-02   0.870498E-02   0.948188E-02
   0.975680E-02   0.985977E-02   0.103065E-01   0.107710E-01   0.112569E-01
   0.114032E-01   0.103626E-01   0.987573E-02   0.975508E-02   0.973260E-02
   0.100280E-01   0.105408E-01   0.107863E-01   0.104058E-01   0.984930E-02
   0.951741E-02   0.942015E-02   0.974208E-02   0.960447E-02   0.864107E-02
   0.790933E-02   0.781337E-02   0.840925E-02   0.950998E-02   0.996561E-02
   0.881951E-02   0.727072E-02   0.676146E-02   0.652607E-02   0.636186E-02
   0.604716E-02   0.528346E-02   0.471968E-02   0.457425E-02   0.451244E-02
   0.430540E-02   0.400421E-02   0.373287E-02   0.358134E-02   0.391645E-02
   0.389755E-02   0.297453E-02   0.118795E-02  -0.385901E-03  -0.545225E-03
  -0.422438E-04   0.493285E-04  -0.350713E-03  -0.679305E-03  -0.199232E-03
   0.603316E-03   0.736547E-03   0.850385E-03   0.124587E-02   0.133092E-02
   0.100814E-02   0.191212E-03  -0.648509E-03  -0.767241E-03  -0.178368E-04
   0.721600E-03   0.588151E-03   0.321959E-04  -0.277195E-03  -0.253141E-03
  -0.216937E-03  -0.320032E-03  -0.523150E-03  -0.685634E-03  -0.836311E-03
  -0.131747E-02  -0.230521E-02  -0.384059E-02  -0.487143E-02  -0.363456E-02
  -0.285315E-02  -0.353830E-02  -0.457025E-02  -0.543564E-02  -0.585336E-02
  -0.623091E-02  -0.637350E-02  -0.662716E-02  -0.734469E-02  -0.805373E-02
  -0.857621E-02  -0.857091E-02  -0.821905E-02  -0.801805E-02  -0.800503E-02
  -0.805615E-02  -0.845630E-02  -0.845405E-02  -0.767455E-02  -0.718293E-02
  -0.781076E-02  -0.923359E-02  -0.997908E-02  -0.954416E-02  -0.885009E-02
  -0.862796E-02  -0.877078E-02  -0.937919E-02  -0.989756E-02  -0.913375E-02
  -0.779737E-02  -0.733612E-02  -0.759709E-02  -0.773791E-02  -0.747744E-02
  -0.710211E-02  -0.686380E-02  -0.676286E-02  -0.665860E-02  -0.655536E-02
  -0.696804E-02  -0.753902E-02  -0.745279E-02  -0.691801E-02  -0.608357E-02
  -0.584689E-02  -0.647283E-02  -0.725289E-02  -0.701599E-02  -0.537719E-02
  -0.402679E-02  -0.400944E-02  -0.444132E-02  -0.397892E-02  -0.354947E-02
  -0.377031E-02  -0.392898E-02  -0.383036E-02  -0.421782E-02  -0.403362E-02
  -0.323179E-02  -0.296205E-02  -0.377355E-02  -0.454673E-02  -0.439706E-02
  -0.456466E-02  -0.494806E-02  -0.492984E-02  -0.454435E-02  -0.352358E-02
  -0.202006E-02  -0.133658E-02  -0.157879E-02  -0.185492E-02  -0.167626E-02
  -0.133136E-02  -0.117747E-02  -0.194472E-02  -0.332929E-02  -0.388063E-02
  -0.342578E-02  -0.352495E-02  -0.345137E-02  -0.350702E-02  -0.317007E-02
  -0.245176E-02  -0.217354E-02  -0.221598E-02  -0.221915E-02  -0.203036E-02
  -0.180920E-02  -0.158291E-02  -0.775588E-03   0.643451E-04   0.862303E-03
   0.132745E-02   0.123036E-02   0.111329E-02   0.119126E-02   0.139135E-02
   0.148819E-02   0.150520E-02   0.148487E-02   0.151985E-02   0.156184E-02
   0.161054E-02   0.171348E-02   0.262407E-02   0.327649E-02   0.299675E-02
   0.178016E-02   0.112581E-02   0.153091E-02   0.207060E-02   0.305882E-02
   0.433707E-02   0.462911E-02   0.401046E-02   0.282472E-02   0.223899E-02
   0.190481E-02   0.252708E-02   0.332194E-02   0.324282E-02   0.371759E-02
   0.415929E-02   0.407754E-02   0.391905E-02   0.473773E-02   0.458778E-02
   0.374508E-02   0.351759E-02   0.373163E-02   0.388565E-02   0.378267E-02
   0.360912E-02   0.351024E-02   0.357036E-02   0.452565E-02   0.590121E-02
   0.534843E-02   0.406870E-02   0.375866E-02   0.328389E-02   0.291890E-02
   0.280470E-02   0.114428E-02  -0.196588E-03   0.128117E-03   0.749787E-03
   0.869350E-03   0.630769E-03   0.134314E-02   0.209264E-02   0.290550E-02
   0.321827E-02   0.293598E-02   0.269678E-02   0.274333E-02   0.294787E-02
   0.376972E-02   0.341358E-02   0.246828E-02   0.228912E-02   0.250478E-02
   0.172557E-02   0.213099E-04  -0.149413E-02  -0.172449E-02  -0.191897E-02
  -0.223401E-02  -0.218742E-02  -0.214210E-02  -0.284682E-02  -0.255961E-02
  -0.162775E-02  -0.131899E-02  -0.527953E-03   0.930674E-03   0.153940E-02
   0.113496E-02   0.821237E-03   0.946262E-03   0.124524E-02   0.126062E-02
   0.260747E-03  -0.485472E-03  -0.227682E-03   0.292485E-03   0.133490E-02
   0.191684E-02   0.262156E-02   0.467714E-02   0.575028E-02   0.506233E-02
   0.349683E-02   0.285362E-02   0.339755E-02   0.383992E-02   0.371636E-02
   0.333675E-02   0.306906E-02   0.210491E-02   0.730843E-03   0.108387E-02
   0.141456E-02   0.184370E-02   0.308584E-02   0.349697E-02   0.305103E-02
   0.263127E-02   0.269275E-02   0.287806E-02   0.286157E-02   0.197626E-02
   0.118524E-02   0.120156E-02   0.152905E-02   0.159407E-02   0.143277E-02
   0.120845E-02   0.475374E-03  -0.160341E-03  -0.144039E-03  -0.499026E-03
  -0.365684E-03   0.238329E-03   0.417469E-03   0.216357E-03   0.620685E-04
   0.120930E-03   0.247105E-03   0.299278E-03   0.329811E-03   0.864616E-03
   0.165148E-02   0.229688E-02   0.217717E-02   0.133665E-02   0.431074E-03
  -0.539118E-04   0.693443E-04  -0.548693E-04  -0.813407E-03  -0.129237E-02
  -0.149694E-02  -0.200707E-02  -0.220458E-02  -0.160929E-02  -0.609361E-03
  -0.291035E-03  -0.574309E-03  -0.386844E-03   0.518345E-03   0.104792E-02
   0.122051E-02   0.200697E-02   0.343659E-02   0.466301E-02   0.494691E-02
   0.516685E-02   0.534814E-02   0.519934E-02   0.479535E-02   0.384375E-02
   0.305769E-02   0.208764E-02   0.922266E-03   0.497934E-03  -0.689160E-04
  -0.458238E-03   0.483107E-03   0.123886E-02   0.997402E-03   0.609507E-03
   0.139087E-02   0.219700E-02   0.208603E-02   0.168693E-02   0.152467E-02
   0.162629E-02   0.169490E-02   0.163825E-02   0.159094E-02   0.221066E-02
   0.218999E-02   0.212862E-02   0.257806E-02   0.339762E-02   0.390034E-02
   0.369412E-02   0.395873E-02   0.376676E-02   0.308979E-02   0.279212E-02
   0.287514E-02   0.296606E-02   0.337655E-02   0.388445E-02   0.379291E-02
   0.288539E-02   0.241559E-02   0.243671E-02   0.211821E-02   0.176383E-02
   0.164590E-02   0.162453E-02   0.153799E-02   0.143188E-02   0.167553E-02
   0.196636E-02   0.139512E-02   0.750707E-03   0.673551E-03   0.479473E-03
   0.114250E-03   0.433678E-03   0.826784E-03   0.718432E-03   0.765622E-03
   0.140836E-02   0.177794E-02   0.176367E-02   0.232536E-02   0.272227E-02
   0.270758E-02   0.294435E-02   0.265608E-02   0.252004E-02   0.205324E-02
   0.146088E-02   0.139875E-02   0.152765E-02   0.225951E-02   0.185176E-02
   0.168938E-02   0.205134E-02   0.212678E-02   0.274641E-02   0.311878E-02
   0.277940E-02   0.225998E-02   0.120720E-02   0.506263E-03  -0.808299E-04
  -0.638678E-03  -0.153957E-02  -0.297114E-02  -0.367615E-02  -0.345046E-02
  -0.305568E-02  -0.233219E-02  -0.112184E-02  -0.583456E-03  -0.940348E-03
  -0.135483E-02  -0.135722E-02  -0.118264E-02  -0.113415E-02  -0.125970E-02
  -0.140411E-02  -0.149139E-02  -0.152597E-02  -0.156782E-02  -0.168271E-02
  -0.230607E-02  -0.259693E-02  -0.258648E-02  -0.300364E-02  -0.379398E-02
  -0.452718E-02  -0.464602E-02  -0.474666E-02  -0.538521E-02  -0.576332E-02
  -0.555880E-02  -0.490575E-02  -0.407231E-02  -0.381522E-02  -0.372457E-02
  -0.345101E-02  -0.383805E-02  -0.426840E-02  -0.416167E-02  -0.389652E-02
  -0.381494E-02  -0.412815E-02  -0.501967E-02  -0.568410E-02  -0.617526E-02
  -0.627874E-02  -0.596850E-02  -0.578736E-02  -0.578754E-02  -0.603301E-02
  -0.687008E-02  -0.800669E-02  -0.742701E-02  -0.711898E-02  -0.838214E-02
  -0.912235E-02  -0.867507E-02  -0.808725E-02  -0.873175E-02  -0.940058E-02
  -0.910962E-02  -0.858352E-02  -0.895613E-02  -0.956480E-02  -0.946703E-02
  -0.963214E-02  -0.996234E-02  -0.105406E-01  -0.108157E-01  -0.103426E-01
  -0.901275E-02  -0.796617E-02  -0.795531E-02  -0.888754E-02  -0.942945E-02
  -0.889265E-02  -0.812131E-02  -0.779463E-02  -0.830492E-02  -0.891418E-02
  -0.873692E-02  -0.802613E-02  -0.688576E-02  -0.486429E-02  -0.368285E-02
  -0.419593E-02  -0.423437E-02  -0.318522E-02  -0.238041E-02  -0.232921E-02
  -0.284881E-02  -0.356441E-02  -0.400217E-02  -0.431143E-02  -0.419832E-02
  -0.338465E-02  -0.228313E-02  -0.187688E-02  -0.208707E-02  -0.218433E-02
  -0.234634E-02  -0.282583E-02  -0.291803E-02  -0.248538E-02  -0.175535E-02
  -0.775107E-03  -0.359067E-03  -0.285046E-03   0.473364E-03   0.115369E-02
   0.119898E-02   0.107931E-02   0.113573E-02   0.133455E-02   0.125965E-02
   0.501544E-03  -0.146908E-03  -0.723312E-03  -0.106972E-02  -0.150806E-02
  -0.172057E-02  -0.140451E-02  -0.104458E-02   0.632598E-04   0.174758E-02
   0.320152E-02   0.347627E-02   0.379518E-02   0.349429E-02   0.383772E-02
   0.464600E-02   0.477538E-02   0.462215E-02   0.520554E-02   0.600660E-02
   0.606621E-02   0.575899E-02   0.558044E-02   0.558691E-02   0.497238E-02
   0.494008E-02   0.486213E-02   0.442946E-02   0.492986E-02   0.503385E-02
   0.501439E-02   0.544686E-02   0.570059E-02   0.612215E-02   0.666795E-02
   0.674666E-02   0.651736E-02   0.689167E-02   0.761813E-02   0.776047E-02
   0.734392E-02   0.648251E-02   0.571026E-02   0.562823E-02   0.587235E-02
   0.589733E-02   0.570664E-02   0.588791E-02   0.657875E-02   0.683923E-02
   0.654091E-02   0.661273E-02   0.731932E-02   0.763915E-02   0.730662E-02
   0.692143E-02   0.679089E-02   0.679684E-02   0.673112E-02   0.656448E-02
   0.638949E-02   0.648255E-02   0.720240E-02   0.778866E-02   0.845998E-02
   0.931363E-02   0.960955E-02   0.994562E-02   0.100423E-01   0.992616E-02
   0.103916E-01   0.106477E-01   0.104774E-01   0.107791E-01   0.109275E-01
   0.105236E-01   0.102582E-01   0.107559E-01   0.108164E-01   0.939229E-02
   0.741470E-02   0.667998E-02   0.706067E-02   0.729944E-02   0.769228E-02
   0.685771E-02   0.566591E-02   0.539735E-02   0.549475E-02   0.451160E-02
   0.260072E-02   0.179426E-02   0.208277E-02   0.151161E-02   0.554962E-03
  -0.529102E-03  -0.103900E-02  -0.780564E-03  -0.598305E-03  -0.719389E-03
  -0.912179E-03  -0.300529E-03   0.366950E-03   0.387540E-03   0.729355E-03
   0.115322E-02   0.483729E-03   0.303988E-03   0.841155E-03   0.424596E-03
   0.102776E-03   0.540537E-03   0.859145E-03   0.122534E-02   0.159218E-02
   0.106149E-02   0.525517E-03   0.376085E-03  -0.193617E-04  -0.839430E-03
  -0.161286E-02  -0.178276E-02  -0.213991E-02  -0.281869E-02  -0.315036E-02
  -0.356818E-02  -0.413467E-02  -0.381577E-02  -0.287059E-02  -0.250465E-02
  -0.244865E-02  -0.195708E-02  -0.163133E-02  -0.173814E-02  -0.191417E-02
  -0.193761E-02  -0.187743E-02  -0.189291E-02  -0.234852E-02  -0.319062E-02
  -0.354249E-02  -0.367632E-02  -0.423322E-02  -0.458349E-02  -0.475130E-02
  -0.543214E-02  -0.562690E-02  -0.450123E-02  -0.456779E-02  -0.628576E-02
  -0.718813E-02  -0.749986E-02  -0.742950E-02  -0.708871E-02  -0.692850E-02
  -0.691995E-02  -0.698240E-02  -0.755465E-02  -0.713847E-02  -0.619423E-02
  -0.589486E-02  -0.531954E-02  -0.471240E-02  -0.455974E-02  -0.465391E-02
  -0.459911E-02  -0.441805E-02  -0.422341E-02  -0.420494E-02  -0.486419E-02
  -0.548111E-02  -0.537587E-02  -0.566512E-02  -0.618332E-02  -0.687178E-02
  -0.727836E-02  -0.763691E-02  -0.724646E-02  -0.705093E-02  -0.742929E-02
  -0.744158E-02  -0.657225E-02  -0.552108E-02  -0.572900E-02  -0.607770E-02
  -0.549019E-02  -0.478647E-02  -0.454226E-02  -0.408044E-02  -0.381070E-02
  -0.364768E-02  -0.306882E-02  -0.260978E-02  -0.260147E-02  -0.324954E-02
  -0.394544E-02  -0.387956E-02  -0.338879E-02  -0.309949E-02  -0.313228E-02
  -0.355962E-02  -0.423128E-02  -0.432082E-02  -0.386520E-02  -0.350332E-02
  -0.342597E-02  -0.343394E-02  -0.330359E-02  -0.267689E-02  -0.124673E-02
   0.446796E-03   0.176052E-02   0.239501E-02   0.228958E-02   0.204537E-02
   0.210838E-02   0.232530E-02   0.245901E-02   0.283842E-02   0.355512E-02
   0.339242E-02   0.225101E-02   0.169285E-02   0.200768E-02   0.237474E-02
   0.234901E-02   0.212878E-02   0.201238E-02   0.230907E-02   0.348944E-02
   0.482230E-02   0.517765E-02   0.514519E-02   0.442529E-02   0.384283E-02
   0.421213E-02   0.529262E-02   0.595837E-02   0.629427E-02   0.631960E-02
   0.600208E-02   0.604514E-02   0.703508E-02   0.806254E-02   0.749805E-02
   0.713202E-02   0.736188E-02   0.738345E-02   0.713494E-02   0.682597E-02
   0.653770E-02   0.540976E-02   0.381185E-02   0.409657E-02   0.502217E-02
   0.420398E-02   0.390048E-02   0.516801E-02   0.587019E-02   0.537380E-02
   0.471394E-02   0.451716E-02   0.460172E-02   0.457226E-02   0.436054E-02
   0.409629E-02   0.389929E-02   0.383186E-02   0.440399E-02   0.419608E-02
   0.322980E-02   0.277777E-02   0.280214E-02   0.212360E-02   0.566433E-03
  -0.380949E-03  -0.905132E-03  -0.122169E-02  -0.129764E-02  -0.199726E-02
  -0.275400E-02  -0.280758E-02  -0.259461E-02  -0.312496E-02  -0.318014E-02
  -0.253947E-02  -0.226477E-02  -0.240806E-02  -0.259465E-02  -0.255735E-02
  -0.244245E-02  -0.236240E-02  -0.236962E-02  -0.242508E-02  -0.297561E-02
  -0.371505E-02  -0.430894E-02  -0.418597E-02  -0.393523E-02  -0.424104E-02
  -0.400117E-02  -0.322760E-02  -0.343521E-02  -0.429383E-02  -0.399773E-02
  -0.290413E-02  -0.287102E-02  -0.352290E-02  -0.360979E-02  -0.372880E-02
  -0.387902E-02  -0.417491E-02  -0.518688E-02  -0.619681E-02  -0.657015E-02
  -0.679794E-02  -0.713698E-02  -0.729565E-02  -0.701168E-02  -0.711683E-02
  -0.733505E-02  -0.713570E-02  -0.678575E-02  -0.651362E-02  -0.637340E-02
  -0.621302E-02  -0.576991E-02  -0.447246E-02  -0.298544E-02  -0.260246E-02
  -0.299221E-02  -0.311749E-02  -0.258862E-02  -0.161619E-02  -0.176883E-02
  -0.243367E-02  -0.246852E-02  -0.235678E-02  -0.313810E-02  -0.419518E-02
  -0.354294E-02  -0.242163E-02  -0.222546E-02  -0.246932E-02  -0.170732E-02
  -0.857980E-03  -0.798459E-03  -0.100719E-02  -0.101762E-02  -0.718411E-03
   0.268533E-03   0.900817E-04  -0.755105E-03  -0.835059E-03  -0.455805E-03
  -0.153280E-03  -0.163616E-03  -0.230534E-03  -0.218203E-03  -0.102035E-03
  -0.146023E-04   0.190684E-03   0.177405E-02   0.321093E-02   0.313063E-02
   0.326935E-02   0.447901E-02   0.538540E-02   0.520829E-02   0.467283E-02
   0.372104E-02   0.251420E-02   0.266822E-02   0.371192E-02   0.464836E-02
   0.489023E-02   0.437864E-02   0.337530E-02   0.214570E-02   0.207787E-02
   0.295269E-02   0.284869E-02   0.174986E-02   0.121623E-02   0.143174E-02
   0.180211E-02   0.234300E-02   0.295141E-02   0.350235E-02   0.394537E-02
   0.390338E-02   0.367218E-02   0.355066E-02   0.359546E-02   0.359250E-02
   0.352344E-02   0.338899E-02   0.330112E-02   0.321887E-02   0.316751E-02
   0.308187E-02   0.301399E-02   0.292374E-02   0.286302E-02   0.278252E-02
   0.275523E-02   0.273168E-02   0.269605E-02   0.259267E-02   0.251985E-02
   0.244185E-02   0.240942E-02   0.257362E-02   0.334413E-02   0.372618E-02
   0.365172E-02   0.411053E-02   0.474631E-02   0.563849E-02   0.693056E-02
   0.806091E-02   0.875626E-02   0.852281E-02   0.794961E-02   0.763056E-02
   0.762007E-02   0.743253E-02   0.622449E-02   0.437137E-02   0.355156E-02
   0.215653E-02   0.967146E-03  -0.726213E-03  -0.174500E-02  -0.146965E-02
  -0.203780E-02  -0.355097E-02  -0.340801E-02  -0.224418E-02  -0.111598E-02
  -0.839166E-03  -0.135239E-02  -0.162417E-02  -0.141882E-02  -0.460421E-03
  -0.463502E-03  -0.126318E-02  -0.931781E-03  -0.744868E-03  -0.127076E-02
  -0.157196E-02  -0.148335E-02  -0.130612E-02  -0.124940E-02  -0.127908E-02
  -0.134259E-02  -0.135252E-02  -0.133624E-02  -0.131932E-02  -0.127602E-02
  -0.771609E-03  -0.611672E-03  -0.123851E-02  -0.155584E-02  -0.447314E-03
  -0.426772E-03  -0.230885E-02  -0.284609E-02  -0.223466E-02  -0.271890E-02
  -0.376954E-02  -0.353236E-02  -0.297033E-02  -0.326616E-02  -0.371126E-02
  -0.368503E-02  -0.342750E-02  -0.325469E-02  -0.324467E-02  -0.324279E-02
  -0.319309E-02  -0.308752E-02  -0.300619E-02  -0.293240E-02  -0.288503E-02
  -0.281317E-02  -0.275498E-02  -0.267602E-02  -0.262378E-02  -0.253883E-02
  -0.226016E-02  -0.159882E-02  -0.192484E-02  -0.256812E-02  -0.256240E-02
  -0.220854E-02  -0.200836E-02  -0.202630E-02  -0.211738E-02  -0.255524E-02
  -0.412320E-02  -0.493133E-02  -0.438117E-02  -0.416220E-02  -0.566849E-02
  -0.604212E-02  -0.581853E-02  -0.587006E-02  -0.570856E-02  -0.555303E-02
  -0.527578E-02  -0.426419E-02  -0.354367E-02  -0.441930E-02  -0.424499E-02
  -0.240300E-02  -0.132618E-02  -0.155080E-02  -0.107073E-02  -0.246181E-03
   0.769659E-03   0.125700E-02   0.989486E-03   0.769568E-03   0.835304E-03
   0.104236E-02   0.110958E-02   0.107765E-02   0.102582E-02   0.901351E-03
  -0.448823E-03  -0.111893E-02  -0.103637E-02  -0.110027E-02  -0.112885E-02
  -0.112099E-02  -0.106347E-02  -0.974890E-03  -0.304883E-03   0.108863E-02
   0.261319E-02   0.379754E-02   0.435427E-02   0.521866E-02   0.638856E-02
   0.663057E-02   0.615648E-02   0.579750E-02   0.580180E-02   0.581415E-02
   0.511087E-02   0.360492E-02   0.252616E-02   0.198182E-02   0.108111E-02
   0.233992E-03   0.132455E-03   0.334004E-03  -0.113775E-03  -0.504465E-03
   0.141229E-04   0.599979E-03   0.148654E-02   0.231925E-02   0.150305E-02
   0.319421E-03   0.375525E-03   0.503542E-03   0.350003E-03   0.253575E-03
   0.239383E-03   0.253158E-03   0.278829E-03   0.705619E-03   0.191715E-02
   0.304727E-02   0.307334E-02   0.252793E-02   0.229605E-02   0.241733E-02
   0.211570E-02   0.834033E-03  -0.399669E-03  -0.490739E-03   0.100701E-04
   0.197601E-03  -0.142135E-04  -0.479891E-03  -0.154413E-02  -0.249341E-02
  -0.202537E-02  -0.183455E-02  -0.224537E-02  -0.239739E-02  -0.227522E-02
  -0.207666E-02  -0.198776E-02  -0.169160E-02  -0.761184E-03  -0.176245E-03
  -0.384376E-03  -0.867896E-03  -0.146228E-02  -0.849788E-03  -0.202461E-03
  -0.538838E-03   0.348861E-03   0.143496E-02   0.134686E-02   0.941901E-03
   0.127446E-02   0.314765E-02   0.419726E-02   0.367372E-02   0.304432E-02
   0.376920E-02   0.377809E-02   0.303998E-02   0.276404E-02   0.288067E-02
   0.304205E-02   0.297992E-02   0.279575E-02   0.248828E-02   0.610561E-03
  -0.714101E-03  -0.286018E-03   0.384735E-03   0.428623E-03   0.474471E-04
  -0.165951E-03  -0.125547E-03   0.182498E-03   0.204793E-02   0.331625E-02
   0.278538E-02   0.203309E-02   0.199173E-02   0.328215E-02   0.492981E-02
   0.520395E-02   0.438766E-02   0.386618E-02   0.385927E-02   0.328282E-02
   0.182975E-02   0.991074E-03   0.110159E-02   0.660599E-03  -0.809501E-03
  -0.171916E-02  -0.145402E-02  -0.218282E-03   0.121917E-02   0.161256E-02
   0.107448E-02   0.667520E-03   0.757573E-03   0.100678E-02   0.105941E-02
   0.933344E-03   0.795854E-03   0.747945E-03   0.667570E-03  -0.106665E-04
  -0.214441E-04   0.668672E-03   0.934515E-03   0.741408E-03   0.471383E-03
   0.481038E-03   0.105015E-02   0.125311E-02   0.524317E-03  -0.571031E-03
  -0.187417E-02  -0.313902E-02  -0.422716E-02  -0.467792E-02  -0.447036E-02
  -0.416591E-02  -0.415660E-02  -0.424711E-02  -0.419048E-02  -0.347480E-02
  -0.253773E-02  -0.179152E-02  -0.185911E-02  -0.261437E-02  -0.342853E-02
  -0.376449E-02  -0.347685E-02  -0.310080E-02  -0.303497E-02  -0.312511E-02
  -0.313832E-02  -0.301242E-02  -0.286497E-02  -0.275478E-02  -0.269133E-02
  -0.261813E-02  -0.253775E-02  -0.244131E-02  -0.236021E-02  -0.227616E-02
  -0.220456E-02  -0.212153E-02  -0.204906E-02  -0.196700E-02  -0.189844E-02
  -0.181970E-02  -0.175374E-02  -0.167810E-02  -0.158871E-02  -0.108545E-02
   0.151112E-03   0.128230E-02   0.133086E-02   0.873201E-03   0.683127E-03
   0.538713E-03  -0.306045E-03  -0.144381E-02  -0.149822E-02  -0.426349E-03
  -0.274040E-03  -0.226262E-03   0.249813E-03   0.110966E-02   0.153802E-02
   0.129342E-02   0.106146E-02   0.109216E-02   0.124309E-02   0.129215E-02
   0.123706E-02   0.116965E-02   0.114468E-02   0.116863E-02   0.122542E-02
   0.124620E-02   0.119645E-02   0.117187E-02   0.138885E-02   0.223154E-02
   0.290499E-02   0.345452E-02   0.358052E-02   0.319807E-02   0.220890E-02
   0.248190E-02   0.331296E-02   0.249122E-02   0.152900E-02   0.214313E-02
   0.137822E-02   0.915004E-05  -0.514550E-04   0.397451E-03   0.613807E-03
   0.477784E-03   0.108453E-02   0.780818E-03   0.135199E-04  -0.824861E-04
   0.213011E-03   0.378218E-03   0.295117E-03   0.153583E-03   0.200550E-03
   0.126077E-02   0.284618E-02   0.320388E-02   0.255628E-02   0.210633E-02
   0.220885E-02   0.243123E-02   0.244811E-02   0.219535E-02   0.107059E-02
  -0.582512E-03  -0.104797E-02  -0.488473E-03  -0.108577E-03  -0.282738E-03
  -0.577689E-03  -0.602017E-03  -0.449200E-03  -0.378585E-03  -0.398647E-03
  -0.380723E-03   0.334839E-03   0.108694E-02   0.175965E-02   0.209256E-02
   0.190410E-02   0.166969E-02   0.164111E-02   0.171907E-02   0.171853E-02
   0.162741E-02   0.145674E-02   0.598062E-03  -0.845536E-03  -0.150382E-02
  -0.122769E-02  -0.154789E-02  -0.233480E-02  -0.324099E-02  -0.369333E-02
  -0.343690E-02  -0.311031E-02  -0.304554E-02  -0.307898E-02  -0.236250E-02
  -0.158061E-02  -0.150299E-02  -0.174382E-02  -0.187051E-02  -0.236284E-02
  -0.208606E-02  -0.519226E-03   0.467143E-03   0.192637E-03  -0.359066E-03
  -0.412853E-03  -0.137109E-03   0.444473E-04   0.112889E-03   0.123616E-02
   0.261624E-02   0.270030E-02   0.147926E-02  -0.132833E-03  -0.821468E-03
  -0.471298E-03  -0.611475E-03  -0.190392E-02  -0.248341E-02  -0.175958E-02
  -0.161614E-02  -0.183146E-02  -0.978061E-03   0.100457E-03   0.295266E-03
   0.396804E-03   0.421428E-03   0.560717E-03   0.161610E-02   0.260636E-02
   0.257785E-02   0.206729E-02   0.180536E-02   0.131293E-02   0.142485E-03
  -0.702499E-03  -0.127558E-03   0.460296E-03  -0.392887E-04  -0.662311E-03
  -0.716148E-03  -0.423013E-03   0.264286E-03   0.925428E-03   0.988282E-03
   0.121754E-02   0.179845E-02   0.199824E-02   0.178945E-02   0.159291E-02
   0.152435E-02   0.104705E-02   0.851403E-03   0.137453E-02   0.169842E-02
   0.150893E-02   0.111928E-02  -0.907316E-04  -0.149825E-02  -0.169794E-02
  -0.114364E-02  -0.872091E-03  -0.107560E-02  -0.132536E-02  -0.135936E-02
  -0.124334E-02  -0.115515E-02  -0.118764E-02  -0.181528E-02  -0.309641E-02
  -0.390651E-02  -0.367132E-02  -0.315979E-02  -0.302811E-02  -0.318532E-02
  -0.326861E-02  -0.311857E-02  -0.238598E-02  -0.154157E-02  -0.137674E-02
  -0.158636E-02  -0.117867E-02  -0.860357E-03  -0.123715E-02  -0.103856E-02
  -0.690966E-03  -0.506383E-03  -0.948971E-04   0.109731E-03   0.934074E-05
  -0.104921E-03  -0.783597E-04  -0.642965E-06   0.353976E-04   0.126978E-04
  -0.116817E-04  -0.198371E-04  -0.894629E-05  -0.626417E-05  -0.585484E-05
  -0.128077E-04  -0.160988E-04   0.276468E-04   0.585555E-03   0.135490E-02
   0.202191E-02   0.243305E-02   0.235459E-02   0.215054E-02   0.271876E-02
   0.411806E-02   0.498032E-02   0.467214E-02   0.404249E-02   0.389022E-02
   0.452290E-02   0.473592E-02   0.395775E-02   0.330586E-02   0.326402E-02
   0.336325E-02   0.269102E-02   0.113094E-02   0.230702E-04   0.100860E-03
   0.544671E-03   0.533795E-03  -0.323613E-03  -0.132906E-02  -0.202697E-02
  -0.233320E-02  -0.165180E-02  -0.682031E-03  -0.512239E-03  -0.335089E-03
   0.616208E-03   0.456678E-03  -0.100940E-02  -0.171779E-02  -0.183889E-02
  -0.208486E-02  -0.217860E-02  -0.161884E-02  -0.140554E-02  -0.203735E-02
  -0.237423E-02  -0.119713E-02  -0.465828E-03  -0.539047E-03  -0.605191E-03
  -0.146722E-02  -0.238428E-02  -0.239344E-02  -0.192720E-02  -0.173742E-02
  -0.186961E-02  -0.202357E-02  -0.200305E-02  -0.189751E-02  -0.180808E-02
  -0.181601E-02  -0.219995E-02  -0.298515E-02  -0.358737E-02  -0.366627E-02
  -0.329012E-02  -0.346514E-02  -0.347672E-02  -0.266255E-02  -0.215890E-02
  -0.259828E-02  -0.277421E-02  -0.144161E-02  -0.420920E-03  -0.978418E-03
  -0.182322E-02  -0.141957E-02  -0.982396E-03  -0.161830E-02  -0.249750E-02
  -0.276015E-02  -0.194505E-02  -0.166917E-02  -0.261227E-02  -0.323262E-02
  -0.298823E-02  -0.295469E-02  -0.398187E-02  -0.512253E-02  -0.514571E-02
  -0.451331E-02  -0.414389E-02  -0.414992E-02  -0.382538E-02  -0.290353E-02
  -0.201593E-02  -0.172029E-02  -0.232476E-02  -0.273303E-02  -0.203847E-02
  -0.828450E-03  -0.347431E-03  -0.597884E-03  -0.421132E-03   0.452432E-03
   0.101888E-02   0.125801E-02   0.183542E-02   0.245711E-02   0.289209E-02
   0.224322E-02   0.153162E-02   0.160644E-02   0.194593E-02   0.203789E-02
   0.188299E-02   0.173157E-02   0.171899E-02   0.198103E-02   0.257998E-02
   0.217184E-02   0.141775E-02   0.135109E-02   0.162055E-02   0.176272E-02
   0.167122E-02   0.160195E-02   0.158817E-02   0.159725E-02   0.158301E-02
   0.156406E-02   0.153467E-02   0.152830E-02   0.174587E-02   0.255730E-02
   0.297608E-02   0.245398E-02   0.130187E-02   0.808901E-03   0.119840E-02
   0.176835E-02   0.252178E-02   0.248717E-02   0.128783E-02   0.570490E-03
   0.112014E-02   0.258930E-02   0.390735E-02   0.388467E-02   0.318346E-02
   0.292365E-02   0.315485E-02   0.324352E-02   0.214430E-02   0.386540E-03
  -0.117547E-03   0.441330E-03   0.836393E-03   0.653734E-03   0.339275E-03
   0.236376E-03   0.246562E-03  -0.472316E-03  -0.215602E-03   0.596166E-03
   0.699316E-03   0.404500E-03   0.126906E-03  -0.755631E-03  -0.213966E-02
  -0.249185E-02  -0.194139E-02  -0.156233E-02  -0.142081E-02   0.100004E-03
   0.351997E-03  -0.134792E-02  -0.563068E-03   0.123188E-02   0.152424E-02
   0.886063E-03   0.489295E-03   0.634585E-03   0.889788E-03   0.101431E-02
   0.155509E-02   0.154510E-02   0.223367E-02   0.327859E-02   0.258253E-02
   0.724280E-03  -0.184597E-03   0.305944E-03   0.866211E-03   0.846986E-03
   0.483921E-03   0.304383E-03   0.349042E-03   0.394329E-03  -0.246237E-03
  -0.299665E-03  -0.388680E-03  -0.151110E-02  -0.233559E-02  -0.216048E-02
  -0.169407E-02  -0.157048E-02  -0.171253E-02  -0.185374E-02  -0.239341E-02
  -0.291824E-02  -0.231697E-02  -0.122828E-02  -0.923764E-03  -0.126160E-02
  -0.147790E-02  -0.133651E-02  -0.109389E-02  -0.979354E-03  -0.979804E-03
  -0.941335E-03  -0.839205E-03  -0.757061E-03  -0.720791E-03  -0.691374E-03
  -0.649534E-03  -0.597343E-03  -0.550722E-03  -0.514349E-03  -0.428421E-03
   0.123366E-03   0.331323E-03  -0.252247E-03  -0.592787E-03   0.176448E-03
   0.174757E-02   0.265330E-02   0.237539E-02   0.183190E-02   0.175920E-02
   0.200011E-02   0.214135E-02   0.216237E-02   0.314760E-02   0.456699E-02
   0.482750E-02   0.420060E-02   0.377506E-02   0.384085E-02   0.400907E-02
   0.397169E-02   0.377312E-02   0.358681E-02   0.348295E-02   0.341388E-02
   0.333320E-02   0.316378E-02   0.222260E-02   0.507484E-03  -0.166380E-03
   0.339158E-03   0.750556E-03   0.610354E-03   0.270425E-03   0.139536E-03
   0.205828E-03   0.290725E-03   0.285919E-03   0.265801E-03   0.284809E-03
   0.302104E-03   0.273827E-03   0.305694E-03   0.108629E-02   0.263542E-02
   0.318137E-02   0.259447E-02   0.205598E-02   0.172063E-02   0.150900E-02
   0.123570E-02   0.850513E-04  -0.697303E-03  -0.478103E-03  -0.132288E-03
  -0.132191E-03  -0.361597E-03  -0.482757E-03  -0.459514E-03  -0.385108E-03
  -0.375931E-03  -0.370935E-03   0.595541E-04   0.126555E-02   0.197455E-02
   0.157229E-02   0.150772E-02   0.185389E-02   0.194976E-02   0.183129E-02
   0.163416E-02   0.120488E-02   0.756444E-03   0.841275E-03   0.910373E-03
   0.887618E-03   0.299731E-03  -0.607408E-03  -0.139539E-02  -0.151457E-02
  -0.121668E-02  -0.156255E-02  -0.334481E-02  -0.439982E-02  -0.388509E-02
  -0.319094E-02  -0.303172E-02  -0.326450E-02  -0.338482E-02  -0.327687E-02
  -0.305319E-02  -0.245471E-02  -0.751508E-03   0.192200E-03  -0.263194E-03
  -0.781423E-03  -0.734864E-03  -0.139784E-03   0.106732E-02   0.206106E-02
   0.152146E-02   0.832287E-03  -0.402366E-03  -0.111952E-02  -0.714182E-03
  -0.547677E-03  -0.165107E-02  -0.322542E-02  -0.354865E-02  -0.317410E-02
  -0.357334E-02  -0.414001E-02  -0.430791E-02  -0.460307E-02  -0.402713E-02
  -0.305983E-02  -0.216300E-02  -0.189851E-02  -0.217216E-02  -0.226601E-02
  -0.207978E-02  -0.183198E-02  -0.173934E-02  -0.173197E-02  -0.172818E-02
  -0.165956E-02  -0.158485E-02  -0.151900E-02  -0.138873E-02  -0.538872E-03
  -0.743391E-03  -0.154782E-02  -0.161612E-02  -0.119674E-02  -0.885404E-03
  -0.934373E-03  -0.104078E-02  -0.104438E-02  -0.935309E-03  -0.849987E-03
  -0.802972E-03  -0.789055E-03  -0.753323E-03  -0.711572E-03  -0.660004E-03
  -0.623272E-03  -0.582738E-03  -0.557059E-03  -0.435084E-03   0.477276E-03
   0.113433E-02   0.100810E-02   0.156817E-02   0.208609E-02   0.107975E-02
  -0.685540E-03  -0.115638E-02  -0.476818E-03   0.339996E-05  -0.127462E-03
  -0.436220E-03  -0.449522E-03   0.503486E-03   0.198138E-02   0.177986E-02
   0.148105E-02   0.198742E-02   0.229729E-02   0.217457E-02   0.127027E-02
   0.126492E-02   0.206738E-02   0.237425E-02   0.208023E-02   0.177113E-02
   0.172954E-02   0.182749E-02   0.184957E-02   0.178260E-02   0.168750E-02
   0.163994E-02   0.160607E-02   0.158993E-02   0.147152E-02   0.781572E-03
   0.781764E-03   0.135915E-02   0.222055E-03  -0.650536E-03  -0.603145E-04
   0.118064E-02   0.118364E-02   0.855833E-03   0.111818E-02   0.133850E-02
   0.139495E-02   0.203675E-02   0.335912E-02   0.395014E-02   0.355075E-02
   0.304861E-02   0.298166E-02   0.312814E-02   0.315163E-02   0.245371E-02
   0.101509E-02   0.499199E-04   0.168874E-03   0.583493E-03   0.611112E-03
   0.338204E-03   0.139887E-03   0.131507E-03   0.196860E-03   0.208174E-03
   0.164095E-03   0.113006E-03   0.882627E-04   0.765691E-04   0.629631E-04
   0.399648E-04   0.157680E-04  -0.432141E-05  -0.499694E-04  -0.511419E-03
  -0.172119E-02  -0.277312E-02  -0.272474E-02  -0.214813E-02  -0.192684E-02
  -0.210407E-02  -0.226725E-02  -0.221755E-02  -0.206112E-02  -0.195025E-02
  -0.191150E-02  -0.188961E-02  -0.184320E-02  -0.177835E-02  -0.171571E-02
  -0.166403E-02  -0.161694E-02  -0.156871E-02  -0.150795E-02  -0.121998E-02
  -0.164316E-03   0.108611E-02   0.129250E-02   0.559643E-03  -0.709620E-03
  -0.176210E-02  -0.172412E-02  -0.116846E-02  -0.969446E-03  -0.116529E-02
  -0.134946E-02  -0.133662E-02  -0.159446E-02  -0.304579E-02  -0.390588E-02
  -0.340344E-02  -0.278494E-02  -0.266994E-02  -0.287264E-02  -0.291103E-02
  -0.275713E-02  -0.253281E-02  -0.240770E-02  -0.233033E-02  -0.218519E-02
  -0.134456E-02  -0.147253E-02  -0.214758E-02  -0.217433E-02  -0.179861E-02
  -0.145564E-02  -0.138721E-02  -0.143297E-02  -0.141232E-02  -0.123398E-02
  -0.458179E-03   0.228126E-03   0.280304E-03   0.682072E-03   0.118370E-02
   0.707374E-03   0.588972E-03   0.117021E-02   0.148255E-02   0.137021E-02
   0.117248E-02   0.115209E-02   0.122793E-02   0.127891E-02   0.125712E-02
   0.121998E-02   0.120023E-02   0.120201E-02   0.120211E-02   0.119476E-02
   0.117763E-02   0.121401E-02   0.167450E-02   0.190849E-02   0.223689E-02
   0.212906E-02   0.117033E-02   0.115890E-02   0.208119E-02   0.246176E-02
   0.167931E-02   0.116630E-02   0.167187E-02   0.220937E-02   0.259930E-02
   0.290865E-02   0.285338E-02   0.262404E-02   0.250445E-02   0.251683E-02
   0.250917E-02   0.248379E-02   0.305581E-02   0.428925E-02   0.468531E-02
   0.408581E-02   0.326094E-02   0.283128E-02   0.273264E-02   0.222453E-02
   0.249772E-02   0.342044E-02   0.326363E-02   0.206450E-02   0.108266E-02
   0.676924E-03   0.743110E-03   0.918891E-03   0.839282E-03   0.659227E-03
   0.908291E-03   0.224507E-02   0.297456E-02   0.250333E-02   0.193121E-02
   0.183192E-02   0.199517E-02   0.202459E-02   0.185922E-02   0.146429E-02
   0.514601E-03  -0.538826E-03  -0.742770E-03  -0.392281E-03  -0.237325E-03
  -0.413362E-03  -0.626050E-03  -0.684382E-03  -0.636978E-03  -0.608378E-03
  -0.632933E-03  -0.678031E-03  -0.709440E-03  -0.666138E-03   0.382751E-04
   0.112964E-02   0.138248E-02   0.901722E-03   0.560617E-03   0.596795E-03
   0.740691E-03   0.770168E-03   0.666026E-03   0.511082E-03   0.418537E-03
   0.376147E-03   0.211899E-03  -0.116432E-02  -0.215378E-02  -0.185507E-02
  -0.136296E-02  -0.131576E-02  -0.158404E-02  -0.173323E-02  -0.169588E-02
  -0.158036E-02  -0.163315E-02  -0.264346E-02  -0.354197E-02  -0.296643E-02
  -0.250685E-02  -0.272568E-02  -0.206037E-02  -0.113950E-02  -0.143220E-02
  -0.169545E-02  -0.135106E-02  -0.103380E-02  -0.102402E-02  -0.113650E-02
  -0.117671E-02  -0.112892E-02  -0.108282E-02  -0.107213E-02  -0.108666E-02
  -0.108875E-02  -0.108164E-02  -0.106637E-02  -0.106014E-02  -0.105264E-02
  -0.104943E-02  -0.103936E-02  -0.103308E-02  -0.102219E-02  -0.101649E-02
  -0.100582E-02  -0.999589E-03  -0.988141E-03  -0.981407E-03  -0.969668E-03
  -0.962700E-03  -0.950594E-03  -0.943263E-03  -0.930774E-03  -0.923177E-03
  -0.910372E-03  -0.902527E-03  -0.889381E-03  -0.881315E-03  -0.867856E-03
  -0.859622E-03  -0.845838E-03  -0.837517E-03  -0.823244E-03  -0.815847E-03
  -0.784872E-03  -0.511824E-03   0.209841E-03   0.822738E-03   0.802664E-03
   0.446440E-03  -0.129815E-03  -0.919136E-03  -0.113671E-02  -0.835350E-03
  -0.639057E-03  -0.724397E-03  -0.870615E-03  -0.902738E-03  -0.835730E-03
  -0.777533E-03  -0.759261E-03  -0.767538E-03  -0.759104E-03  -0.743249E-03
  -0.717024E-03  -0.715769E-03  -0.951545E-03  -0.180430E-02  -0.224158E-02
  -0.193380E-02  -0.158348E-02  -0.153604E-02  -0.164293E-02  -0.166933E-02
  -0.178605E-02  -0.250282E-02  -0.289451E-02  -0.256976E-02  -0.219475E-02
  -0.209406E-02  -0.211044E-02  -0.165692E-02  -0.118753E-02  -0.731587E-03
  -0.508660E-03  -0.590921E-03  -0.626276E-03  -0.540885E-03  -0.451510E-03
  -0.763496E-03  -0.618365E-03  -0.203032E-03  -0.107254E-03  -0.201035E-03
  -0.289820E-03  -0.649627E-03  -0.113871E-02  -0.938809E-03  -0.440658E-03
  -0.567563E-03  -0.671910E-03  -0.421911E-03  -0.228232E-03  -0.194249E-03
  -0.217967E-03  -0.182116E-03  -0.827234E-04   0.311105E-03   0.615341E-03
   0.286973E-03  -0.101633E-03   0.202529E-03   0.443222E-03   0.555776E-03
   0.692965E-03   0.702394E-03   0.667595E-03   0.660836E-03   0.677582E-03
   0.479554E-03   0.482032E-03   0.737405E-03   0.859450E-03   0.794291E-03
   0.716465E-03   0.720089E-03   0.764532E-03   0.805808E-03   0.996350E-03
   0.124939E-02   0.146822E-02   0.159973E-02   0.155987E-02   0.145794E-02
   0.141375E-02   0.141722E-02   0.140817E-02   0.136601E-02   0.131238E-02
   0.126777E-02   0.123444E-02   0.120233E-02   0.116779E-02   0.113048E-02
   0.109663E-02   0.105186E-02   0.898438E-03   0.774606E-03   0.799289E-03
   0.594038E-03   0.254587E-03   0.274892E-03   0.613979E-03   0.872345E-03
   0.965303E-03   0.897150E-03   0.691936E-03   0.474348E-03   0.525500E-03
   0.715166E-03   0.722742E-03   0.727783E-03   0.747187E-03   0.713155E-03
   0.689727E-03   0.850432E-03   0.111410E-02   0.111234E-02   0.105823E-02
   0.104981E-02   0.973292E-03   0.699425E-03   0.371965E-03   0.297223E-03
   0.390107E-03   0.428456E-03   0.368790E-03   0.297079E-03   0.270137E-03
   0.274129E-03   0.273917E-03   0.258223E-03   0.237236E-03   0.220843E-03
   0.209867E-03   0.199428E-03   0.187763E-03   0.176826E-03   0.209444E-03
   0.382205E-03   0.584467E-03   0.591348E-03   0.471080E-03   0.395027E-03
   0.395396E-03   0.405165E-03   0.382621E-03   0.337254E-03   0.297927E-03
   0.270592E-03   0.250111E-03   0.225612E-03   0.201177E-03   0.164448E-03
   0.115397E-04  -0.209259E-03  -0.267673E-03  -0.195252E-03  -0.146205E-03
  -0.167948E-03  -0.213404E-03  -0.328915E-03  -0.394879E-03  -0.439902E-03
  -0.364183E-03  -0.352968E-03  -0.418171E-03  -0.420256E-03  -0.383062E-03
  -0.343691E-03  -0.329857E-03  -0.320146E-03  -0.307487E-03  -0.286011E-03
  -0.267018E-03  -0.249381E-03  -0.235679E-03  -0.220390E-03  -0.206100E-03
  -0.190778E-03  -0.177417E-03  -0.163767E-03  -0.151533E-03  -0.138682E-03
  -0.127611E-03  -0.110462E-03  -0.513174E-04  -0.413248E-04  -0.306616E-04
   0.502494E-04   0.120365E-04  -0.856658E-04  -0.980945E-04  -0.510768E-04
  -0.189083E-04  -0.211361E-04  -0.312175E-04  -0.291143E-04  -0.170223E-04
  -0.598881E-05   0.789365E-07   0.349792E-05   0.798033E-05   0.135076E-04
   0.186458E-04   0.295242E-04   0.978158E-04   0.127526E-03   0.894650E-04
   0.653361E-04   0.101336E-03   0.141543E-03   0.111326E-03   0.650965E-04
   0.765623E-04   0.977001E-04   0.630065E-04   0.351398E-04   0.356112E-04
   0.340746E-04   0.306448E-04   0.320518E-04   0.346146E-04   0.365692E-04
   0.373468E-04   0.387600E-04   0.402868E-04   0.421319E-04   0.432864E-04
   0.444237E-04   0.451216E-04   0.460372E-04   0.465750E-04   0.472223E-04
   0.474647E-04   0.478207E-04   0.478271E-04   0.480185E-04   0.485966E-04
   0.494254E-04   0.490347E-04   0.481788E-04   0.472619E-04   0.467699E-04
   0.460680E-04   0.453050E-04   0.442152E-04   0.432763E-04   0.416448E-04
   0.352607E-04   0.312430E-04   0.367562E-04   0.371483E-04   0.307319E-04
   0.283257E-04   0.288051E-04   0.330016E-04   0.351589E-04   0.317700E-04
   0.253630E-04   0.208891E-04   0.245864E-04   0.276940E-04   0.258363E-04
   0.270035E-04   0.340833E-04   0.351331E-04   0.289404E-04   0.229723E-04
   0.202662E-04   0.187292E-04   0.162905E-04   0.128244E-04   0.944759E-05
   0.655520E-05   0.407716E-05   0.157510E-05  -0.905017E-06  -0.338361E-05
  -0.565616E-05  -0.793872E-05  -0.110356E-04  -0.148952E-04  -0.170392E-04
  -0.169300E-04  -0.162822E-04  -0.175538E-04  -0.201352E-04  -0.228729E-04
  -0.251670E-04  -0.257541E-04  -0.252218E-04  -0.259148E-04  -0.279684E-04
  -0.302157E-04  -0.306648E-04  -0.308126E-04  -0.323108E-04  -0.338015E-04
  -0.345736E-04  -0.353968E-04  -0.359986E-04  -0.362709E-04  -0.365004E-04
  -0.368224E-04  -0.371393E-04  -0.373925E-04  -0.375609E-04  -0.376397E-04
  -0.376068E-04  -0.378723E-04  -0.381579E-04  -0.382006E-04  -0.381221E-04
  -0.380253E-04  -0.378688E-04  -0.377831E-04  -0.377555E-04  -0.376697E-04
  -0.374788E-04  -0.372204E-04  -0.370056E-04  -0.367513E-04  -0.364355E-04
  -0.361011E-04  -0.357358E-04  -0.353435E-04  -0.348886E-04  -0.343820E-04
  -0.338213E-04  -0.332362E-04  -0.326134E-04  -0.319538E-04  -0.312691E-04
  -0.305570E-04  -0.298035E-04  -0.290076E-04  -0.281764E-04  -0.273155E-04
  -0.264224E-04  -0.254974E-04  -0.245390E-04  -0.235486E-04  -0.225267E-04
  -0.214738E-04  -0.203898E-04  -0.192752E-04  -0.181305E-04
